	chr11:70507923-70507701:-	chr11:70506057-70505933:-	chr11:70349036-70348901:-	chr11:70348391-70348311:-	chr11:70346698-70346675:-	chr11:70338570-70338440:-	chr11:70336492-70336271:-	chr11:70335453-70335433:-	chr11:70333825-70331419:-	chr11:70319544-70313962:-
unc.edu__IlluminaHiSeq_RNASeq__TCGA-BA-4074-01A-01R-1436-07__expression_exon.txt	0.300866601	0.940962152	0.389793766	0.221138786	0	0.214191303	0.132455258	0.004930427	0.308078977	1.284194781
unc.edu__IlluminaHiSeq_RNASeq__TCGA-BA-4075-01A-01R-1436-07__expression_exon.txt	0.493600331	0.999770179	0.63408409	0.499859123	0	0.681031419	0.240806124	0	0.881473713	1.984538075
unc.edu__IlluminaHiSeq_RNASeq__TCGA-BA-4076-01A-01R-1436-07__expression_exon.txt	0.253845677	0.599501291	0.326378938	0.321697039	0	0.197540104	0.195086918	0	0.289606143	0.454464946
unc.edu__IlluminaHiSeq_RNASeq__TCGA-BA-4077-01B-01R-1436-07__expression_exon.txt	0.387199017	0.808804833	1.096997811	0.901820537	0	0.955314147	0.189548247	0	0.936926067	1.167926484
unc.edu__IlluminaHiSeq_RNASeq__TCGA-BA-4078-01A-01R-1436-07__expression_exon.txt	0.489341131	1.208021902	0.957067751	0.740352286	0	0.763959064	0.448147671	0	1.0945921	2.178224805
unc.edu__IlluminaHiSeq_RNASeq__TCGA-BA-5149-01A-01R-1514-07__expression_exon.txt	1.940128886	6.056663757	4.212412154	3.775375605	0.244197806	3.852306938	1.49818654	0.069770802	4.728442888	5.491685673
unc.edu__IlluminaHiSeq_RNASeq__TCGA-BA-5151-01A-01R-1436-07__expression_exon.txt	0.570713332	1.09702356	0.496897686	0.482431889	0.007468842	0.722482213	0.289064384	0.042679099	0.767425876	0.822832847
unc.edu__IlluminaHiSeq_RNASeq__TCGA-BA-5152-01A-02R-1873-07__expression_exon.txt	0.034069878	0	0.066505452	0	0	0	0	0	0.071395965	0.306545939
unc.edu__IlluminaHiSeq_RNASeq__TCGA-BA-5153-01A-01R-1436-07__expression_exon.txt	0.026796706	0.148042292	0	0	0	0.070630865	0	0	0	0.01325831
unc.edu__IlluminaHiSeq_RNASeq__TCGA-BA-5555-01A-01R-1514-07__expression_exon.txt	0.039005816	0.147359384	0.119451094	0.252673841	0	0.313443347	0.036876723	0	0.107349641	0.184668462
unc.edu__IlluminaHiSeq_RNASeq__TCGA-BA-5556-01A-01R-1514-07__expression_exon.txt	0.200059663	0.675781862	0.340586946	0.422867794	0	0.191681074	0.059299918	0	0.420578295	0.24819884
unc.edu__IlluminaHiSeq_RNASeq__TCGA-BA-5557-01A-01R-1514-07__expression_exon.txt	0.204917527	0.508258198	0.476577776	0.372745705	0	0.332811412	0.266227484	0	0.695999299	0.487673034
unc.edu__IlluminaHiSeq_RNASeq__TCGA-BA-5558-01A-01R-1514-07__expression_exon.txt	0.422614249	1.11217127	0.856632524	0.977077455	0	0.71543739	0.428036021	0.024794259	1.254919636	0.83657974
unc.edu__IlluminaHiSeq_RNASeq__TCGA-BA-5559-01A-01R-1514-07__expression_exon.txt	0	0.049836066	0.039487248	0.104753332	0	0.043454059	0.023222771	0	0.064300398	0.049864692
unc.edu__IlluminaHiSeq_RNASeq__TCGA-BA-6868-01B-12R-1915-07__expression_exon.txt	0.711191897	2.102102711	1.422654444	1.837333643	0	1.357604395	0.703391221	0.046532228	2.043261647	3.915655739
unc.edu__IlluminaHiSeq_RNASeq__TCGA-BA-6869-01A-11R-1873-07__expression_exon.txt	0.05127857	0.117618388	0	0.07394846	0	0.074820857	0.017169851	0	0.108589196	0.196627551
unc.edu__IlluminaHiSeq_RNASeq__TCGA-BA-6870-01A-11R-1873-07__expression_exon.txt	0.317150338	0.88066705	0.560951486	0.369742657	0	0.160651544	0.072922219	0.014454225	0.441289246	1.856463129
unc.edu__IlluminaHiSeq_RNASeq__TCGA-BA-6871-01A-11R-1873-07__expression_exon.txt	0.309957897	0.30386569	0.097426157	0.130863777	0	0.105359076	0.104945233	0	0.446527784	0.782347923
unc.edu__IlluminaHiSeq_RNASeq__TCGA-BA-6872-01A-11R-1873-07__expression_exon.txt	0.92901922	3.416929111	1.931297549	2.119071648	0	1.645449918	0.781266154	0.04752071	2.437913096	8.490114855
unc.edu__IlluminaHiSeq_RNASeq__TCGA-BA-6873-01A-11R-1873-07__expression_exon.txt	0.347879299	0.628139295	0.24199625	0.278615789	0	0.122027335	0.182135659	0	0.49565497	0.410793604
unc.edu__IlluminaHiSeq_RNASeq__TCGA-BA-7269-01A-11R-2016-07__expression_exon.txt	0.046179216	0.265981727	0	0	0	0	0	0	0	0.186955458
unc.edu__IlluminaHiSeq_RNASeq__TCGA-BB-4217-01A-11R-2081-07__expression_exon.txt	0.304256569	0.353470493	0.141614781	0.135204235	0	0.184495592	0.108869021	0	0.279895603	0.496213998
unc.edu__IlluminaHiSeq_RNASeq__TCGA-BB-4223-01A-01R-1436-07__expression_exon.txt	0.143142016	0.328970666	0.125639314	0.445081232	0	0.097467693	0.023682532	0	0.208519147	0.178015303
unc.edu__IlluminaHiSeq_RNASeq__TCGA-BB-4224-01A-01R-1436-07__expression_exon.txt	0.141398575	0.09052215	0.115371367	0.08195421	0	0.386964915	0.065241189	0	0.207470098	1.417391272
unc.edu__IlluminaHiSeq_RNASeq__TCGA-BB-4225-01A-01R-1436-07__expression_exon.txt	0	0	0	0	0	0.120534868	0.047417621	0	0.076479382	0.067170716
unc.edu__IlluminaHiSeq_RNASeq__TCGA-BB-4228-01A-01R-1436-07__expression_exon.txt	0.025922314	0.011561352	0.030816104	0.037467345	0	0.068397313	0.024737128	0	0.099066427	0.081538285
unc.edu__IlluminaHiSeq_RNASeq__TCGA-CN-4722-01A-01R-1436-07__expression_exon.txt	0	0.128670342	0.160872711	0.042341139	0	0	0.024504984	0.02252632	0.061416277	0.049779416
unc.edu__IlluminaHiSeq_RNASeq__TCGA-CN-4723-01A-01R-1436-07__expression_exon.txt	0.458461826	1.300750102	1.29879376	1.219605291	0	0.705212364	0.261335184	0	1.069547671	1.013811678
unc.edu__IlluminaHiSeq_RNASeq__TCGA-CN-4725-01A-01R-1436-07__expression_exon.txt	0.291484738	0.724907753	0.550711662	0.309015717	0	0.3999156	0.227246002	0.03695869	0.5004394	0.764142272
unc.edu__IlluminaHiSeq_RNASeq__TCGA-CN-4726-01A-01R-1436-07__expression_exon.txt	0.441136146	0.955914223	0.359818385	0.833795283	0	0.67034658	0.286860023	0	0.898158587	2.242173031
unc.edu__IlluminaHiSeq_RNASeq__TCGA-CN-4727-01A-01R-1436-07__expression_exon.txt	0	0	0	0	0	0	0	0	0.007364787	0.031751823
unc.edu__IlluminaHiSeq_RNASeq__TCGA-CN-4728-01A-01R-1436-07__expression_exon.txt	0.158541009	0.326001064	0.089785597	0.446994619	0	0.234115188	0.035816421	0	0.395226309	0.417058399
unc.edu__IlluminaHiSeq_RNASeq__TCGA-CN-4729-01A-01R-1436-07__expression_exon.txt	0.162428013	0.364820329	0.14562156	0.188200963	0	0.099460286	0.146726323	0	0.243047551	0.248753863
unc.edu__IlluminaHiSeq_RNASeq__TCGA-CN-4730-01A-01R-1436-07__expression_exon.txt	0	0.052705923	0	0	0	0	0	0	0.041056754	0.056642583
unc.edu__IlluminaHiSeq_RNASeq__TCGA-CN-4731-01A-01R-1436-07__expression_exon.txt	0.368570369	1.008828273	0.780659133	0.943373489	0	0.421216215	0.240096819	0	0.92202187	0.775695909
unc.edu__IlluminaHiSeq_RNASeq__TCGA-CN-4733-01A-02R-1873-07__expression_exon.txt	0.507500665	1.670411033	1.021421428	1.171724911	0	0.833176912	0.222181499	0	1.12341676	0.817457138
unc.edu__IlluminaHiSeq_RNASeq__TCGA-CN-4734-01A-01R-1436-07__expression_exon.txt	0.172174033	0.321211477	0.322909056	0.370223491	0	0.343854128	0.184253487	0	0.310633568	0.232405285
unc.edu__IlluminaHiSeq_RNASeq__TCGA-CN-4735-01A-01R-1436-07__expression_exon.txt	6.355188983	12.20258449	11.25699274	12.05859083	0.012342	10.87829508	5.282375878	0.063473141	12.53592345	17.30431922
unc.edu__IlluminaHiSeq_RNASeq__TCGA-CN-4736-01A-01R-1436-07__expression_exon.txt	0.664063656	0.948482188	0.470015431	0.396459812	0	0.808611063	0.312617728	0	0.753452952	0.966576193
unc.edu__IlluminaHiSeq_RNASeq__TCGA-CN-4737-01A-01R-1436-07__expression_exon.txt	0.680735402	1.855417555	1.781478581	2.365761217	0	1.434831859	0.646490453	0.007585269	1.774035979	1.38790864
unc.edu__IlluminaHiSeq_RNASeq__TCGA-CN-4738-01A-02R-1514-07__expression_exon.txt	0.933207029	2.336712383	2.022065037	1.442415051	0	2.140702132	0.938604058	0.094619063	2.196954798	1.691340751
unc.edu__IlluminaHiSeq_RNASeq__TCGA-CN-4739-01A-02R-1514-07__expression_exon.txt	0.030006852	0.05839879	0.101088592	0.040554715	0	0.164385908	0.026305761	0	0.078245159	0.124192006
unc.edu__IlluminaHiSeq_RNASeq__TCGA-CN-4740-01A-01R-1436-07__expression_exon.txt	0.025042495	0.05341673	0	0.074939296	0	0.046336511	0	0	0.027740304	0.031530075
unc.edu__IlluminaHiSeq_RNASeq__TCGA-CN-4741-01A-01R-1436-07__expression_exon.txt	0.149588643	0.551948397	0.499771272	0.64374864	0	0.42672301	0.173340319	0	0.598674217	0.721646079
unc.edu__IlluminaHiSeq_RNASeq__TCGA-CN-4742-01A-02R-1514-07__expression_exon.txt	0.505183518	1.289550796	0.898850462	1.538772807	0	1.278060148	0.350902583	0.022827948	0.949811462	0.452918882
unc.edu__IlluminaHiSeq_RNASeq__TCGA-CN-5355-01A-01R-1436-07__expression_exon.txt	0.388525301	0.954726167	0.447745611	0.702500043	0	0.851051225	0.499297374	0.036782484	1.220797976	0.881132552
unc.edu__IlluminaHiSeq_RNASeq__TCGA-CN-5356-01A-01R-1436-07__expression_exon.txt	0.017971547	0.010124602	0	0.065101608	0	0.030592786	0.005700789	0	0.039828553	0.032888031
unc.edu__IlluminaHiSeq_RNASeq__TCGA-CN-5358-01A-01R-1514-07__expression_exon.txt	0.153960031	0.212139399	0.325310514	0.306699261	0	0.194965398	0.080470137	0	0.147161184	0.097318302
unc.edu__IlluminaHiSeq_RNASeq__TCGA-CN-5359-01A-01R-1436-07__expression_exon.txt	0.898823043	2.503405231	1.968727507	1.561450159	0	2.093762959	0.740685443	0.010920646	2.014028929	1.663109949
unc.edu__IlluminaHiSeq_RNASeq__TCGA-CN-5360-01A-01R-1436-07__expression_exon.txt	0.409410265	1.143043899	1.250531439	1.534052252	0	1.337259816	0.345186501	0.031390232	1.168174368	0.996791665
unc.edu__IlluminaHiSeq_RNASeq__TCGA-CN-5361-01A-01R-1436-07__expression_exon.txt	2.680747086	7.362639106	6.301079082	5.876151177	0	4.911048063	2.324645254	0.032367232	5.77691562	7.603842957
unc.edu__IlluminaHiSeq_RNASeq__TCGA-CN-5363-01A-01R-1436-07__expression_exon.txt	2.417453724	5.297070253	3.881048561	4.290239346	0	3.637121351	2.140403905	0	5.612183955	7.072741646
unc.edu__IlluminaHiSeq_RNASeq__TCGA-CN-5364-01A-01R-1436-07__expression_exon.txt	2.816698018	7.410352994	6.143684128	6.118911302	0	5.592839841	2.232575745	0.085094311	6.575842312	7.527942998
unc.edu__IlluminaHiSeq_RNASeq__TCGA-CN-5370-01A-01R-2016-07__expression_exon.txt	0.709398853	2.249231433	1.480192745	2.397328976	0.007809831	2.00313232	0.86456944	0.053553129	2.130945097	1.928612886
unc.edu__IlluminaHiSeq_RNASeq__TCGA-CN-5373-01A-01R-1436-07__expression_exon.txt	2.132821343	5.693170251	4.132855612	5.27768887	0	4.229368726	1.801861444	0.070732453	4.230529457	3.180733123
unc.edu__IlluminaHiSeq_RNASeq__TCGA-CN-5374-01A-01R-1436-07__expression_exon.txt	0	0	0	0	0	0	0	0	0.014134841	0.01980536
unc.edu__IlluminaHiSeq_RNASeq__TCGA-CN-6010-01A-11R-1686-07__expression_exon.txt	0.704760822	2.05848808	0.884882874	1.105816763	0	1.222778649	0.749396673	0	1.58776424	1.420174349
unc.edu__IlluminaHiSeq_RNASeq__TCGA-CN-6011-01A-11R-1686-07__expression_exon.txt	0.136672814	0.346128203	0.387087375	0.257864774	0	0.476702344	0.345621292	0	0.585208498	0.471427731
unc.edu__IlluminaHiSeq_RNASeq__TCGA-CN-6012-01A-11R-1686-07__expression_exon.txt	0.313490381	1.146949085	0.686167457	1.052422417	0	1.141250229	0.668349648	0.007688151	1.512087097	1.306704711
unc.edu__IlluminaHiSeq_RNASeq__TCGA-CN-6013-01A-11R-1686-07__expression_exon.txt	1.203213916	2.41606995	2.330508129	2.426067834	0	2.073821847	0.800033167	0.007259651	2.618487069	2.078331603
unc.edu__IlluminaHiSeq_RNASeq__TCGA-CN-6016-01A-11R-1686-07__expression_exon.txt	0.857503504	2.131669365	1.779707111	2.438183914	0	1.891716131	0.926767529	0.007856661	2.318906499	2.100865342
unc.edu__IlluminaHiSeq_RNASeq__TCGA-CN-6018-01A-11R-1686-07__expression_exon.txt	0.820082692	1.732499143	0.961497396	1.622212249	0	1.482132723	0.672047242	0	1.73065561	1.335637548
unc.edu__IlluminaHiSeq_RNASeq__TCGA-CN-6019-01A-11R-1686-07__expression_exon.txt	0.639570977	1.487998142	1.023031157	1.449932314	0	0.945628364	0.4205742	0	1.113913722	1.406258001
unc.edu__IlluminaHiSeq_RNASeq__TCGA-CN-6021-01A-11R-1686-07__expression_exon.txt	0.066385797	0.219757642	0.163279773	0.178704373	0	0.120541742	0	0	0.111459066	0.148491104
unc.edu__IlluminaHiSeq_RNASeq__TCGA-CN-6022-01A-21R-1686-07__expression_exon.txt	0.247000154	0.773382686	1.055912685	1.222982149	0	1.124102741	0.462046735	0	0.970571883	1.026400636
unc.edu__IlluminaHiSeq_RNASeq__TCGA-CN-6023-01A-11R-1686-07__expression_exon.txt	0.010143967	0	0	0	0	0	0	0	0.054132623	0.056011702
unc.edu__IlluminaHiSeq_RNASeq__TCGA-CN-6024-01A-11R-1686-07__expression_exon.txt	0.591792194	1.892731113	1.419305159	1.181700652	0	1.082653693	0.550768848	0.015142818	1.3663924	1.362930925
unc.edu__IlluminaHiSeq_RNASeq__TCGA-CN-6988-01A-11R-1915-07__expression_exon.txt	0	0.103455348	0.23233677	0.141579354	0	0.149006694	0.00274773	0	0.184342003	0.236241032
unc.edu__IlluminaHiSeq_RNASeq__TCGA-CN-6989-01A-11R-1915-07__expression_exon.txt	2.020088141	4.84253837	3.700814539	3.517415964	0.009827218	3.513492856	1.432648968	0.067386635	3.941306265	4.979595326
unc.edu__IlluminaHiSeq_RNASeq__TCGA-CN-6992-01A-11R-1915-07__expression_exon.txt	0.480311279	1.25336615	0.993511745	0.515968633	0	0.964618629	0.269081986	0.020839421	1.085978863	1.124169756
unc.edu__IlluminaHiSeq_RNASeq__TCGA-CN-6994-01A-11R-1915-07__expression_exon.txt	6.223035766	15.41857326	14.29834773	16.34778961	0	13.06257403	4.699958454	0.060539065	13.13250008	11.80111634
unc.edu__IlluminaHiSeq_RNASeq__TCGA-CN-6995-01A-31R-2016-07__expression_exon.txt	2.034415402	4.374099945	2.799512892	2.605290836	0	3.289164955	1.65009931	0	4.05341843	6.724088011
unc.edu__IlluminaHiSeq_RNASeq__TCGA-CN-6997-01A-11R-2016-07__expression_exon.txt	0.718380565	1.842751153	1.391826631	1.61990697	0	1.543379606	0.520418863	0.004912117	2.118973323	2.356995189
unc.edu__IlluminaHiSeq_RNASeq__TCGA-CN-6998-01A-23R-2016-07__expression_exon.txt	0.508932754	1.308298971	0.664366722	0.749685235	0	0.905512808	0.228259242	0	0.871768055	1.252449694
unc.edu__IlluminaHiSeq_RNASeq__TCGA-CQ-5323-01A-01R-1686-07__expression_exon.txt	0.554689222	1.390019266	5.368827708	5.677213889	0.009269761	4.578554531	2.041351787	0.021188026	5.684878569	4.975725011
unc.edu__IlluminaHiSeq_RNASeq__TCGA-CQ-5324-01A-01R-1686-07__expression_exon.txt	2.143344181	5.706052941	4.547512793	4.700938971	0	5.097366995	2.214127872	0.199568164	5.83730661	5.401923785
unc.edu__IlluminaHiSeq_RNASeq__TCGA-CQ-5325-01A-01R-1686-07__expression_exon.txt	0.413461187	0.501252018	0.505656851	0.534558134	0	1.094631997	0.44171159	0	1.058380426	1.255577146
unc.edu__IlluminaHiSeq_RNASeq__TCGA-CQ-5326-01A-01R-1873-07__expression_exon.txt	2.645954121	7.170400659	5.651412701	4.490762228	0	5.212492702	2.276588692	0.15276774	5.455787061	5.371071389
unc.edu__IlluminaHiSeq_RNASeq__TCGA-CQ-5329-01A-01R-1686-07__expression_exon.txt	1.424134141	3.650247625	2.168363904	2.632513215	0	2.501800709	1.169741557	0.04115088	2.652013485	2.550984156
unc.edu__IlluminaHiSeq_RNASeq__TCGA-CQ-5330-01A-01R-1686-07__expression_exon.txt	1.377210729	2.747513237	2.618524439	2.857614994	0	3.089242891	1.337913698	0.010234196	2.684467494	3.21765107
unc.edu__IlluminaHiSeq_RNASeq__TCGA-CQ-5331-01A-02R-1873-07__expression_exon.txt	0.014897917	0.042819925	0.036642304	0.036458004	0	0.033814103	0	0	0.012882232	0.009521005
unc.edu__IlluminaHiSeq_RNASeq__TCGA-CQ-5332-01A-01R-1686-07__expression_exon.txt	0.198838235	0.574244823	0.425455341	0.829720042	0	0.541872136	0.11016713	0	0.482763043	0.444973116
unc.edu__IlluminaHiSeq_RNASeq__TCGA-CQ-5334-01A-01R-1686-07__expression_exon.txt	0	0	0	0	0	0	0	0	0.022010445	0.018978736
unc.edu__IlluminaHiSeq_RNASeq__TCGA-CQ-6220-01A-11R-1915-07__expression_exon.txt	0.262084463	1.107168453	0.317477522	0.695192763	0	0.714331335	0.067295273	0	0.579133773	0.729491552
unc.edu__IlluminaHiSeq_RNASeq__TCGA-CQ-6221-01A-11R-2081-07__expression_exon.txt	0.035557179	0.140461016	0.04997427	0	0	0	0	0	0.070590993	0.077910809
unc.edu__IlluminaHiSeq_RNASeq__TCGA-CQ-6222-01A-11R-1915-07__expression_exon.txt	0.109261053	0.295822373	0.177048274	0.044236047	0	0.025163895	0.028406716	0.027299961	0.247647617	0.364819745
unc.edu__IlluminaHiSeq_RNASeq__TCGA-CQ-6223-01A-11R-1915-07__expression_exon.txt	0.530986052	1.095510757	1.121379062	1.469971882	0.022841414	1.243688833	0.503251909	0.015662684	1.466435854	1.675197397
unc.edu__IlluminaHiSeq_RNASeq__TCGA-CQ-6224-01A-11R-1915-07__expression_exon.txt	0.297006796	0.654801324	0.40066749	0.510877438	0	0.56041492	0.218751854	0.00542845	0.750384511	0.888375575
unc.edu__IlluminaHiSeq_RNASeq__TCGA-CQ-7065-01A-11R-2081-07__expression_exon.txt	0.285618896	0.706210257	0.61108977	0.951877398	0	0.631215082	0.18246181	0	0.956736854	2.345899212
unc.edu__IlluminaHiSeq_RNASeq__TCGA-CQ-7068-01A-11R-2081-07__expression_exon.txt	0.085183981	0.162965923	0.034000243	0.064801264	0	0.005723994	0	0	0.097196128	0.140777476
unc.edu__IlluminaHiSeq_RNASeq__TCGA-CR-5243-01A-01R-1514-07__expression_exon.txt	0.583562667	2.094912484	1.807206061	1.995529846	0	1.694551792	0.690376507	0.006329806	2.322917711	2.381142963
unc.edu__IlluminaHiSeq_RNASeq__TCGA-CR-5247-01A-01R-2016-07__expression_exon.txt	0	0	0	0	0	0.029466811	0.09642477	0	0.111968763	0.153681994
unc.edu__IlluminaHiSeq_RNASeq__TCGA-CR-5248-01A-01R-2016-07__expression_exon.txt	0	0	0	0	0	0	0	0	0.028257537	0.016751182
unc.edu__IlluminaHiSeq_RNASeq__TCGA-CR-5249-01A-01R-1514-07__expression_exon.txt	0.032923753	0.118559655	0.124965907	0.203105084	0	0.155682718	0.09860373	0	0.130144802	0.143780227
unc.edu__IlluminaHiSeq_RNASeq__TCGA-CR-5250-01A-01R-1514-07__expression_exon.txt	0.16411317	0.353092655	0.32453369	0.517748225	0	0.278169215	0.243387262	0	0.627691447	0.534171974
unc.edu__IlluminaHiSeq_RNASeq__TCGA-CR-6467-01A-11R-1873-07__expression_exon.txt	0.084640427	0.257065775	0.234242684	0.319411204	0	0.256537238	0.08460695	0	0.305135226	0.47198788
unc.edu__IlluminaHiSeq_RNASeq__TCGA-CR-6470-01A-11R-1873-07__expression_exon.txt	0	0	0.048536398	0	0	0	0	0	0.021939178	0.011823303
unc.edu__IlluminaHiSeq_RNASeq__TCGA-CR-6471-01A-11R-1873-07__expression_exon.txt	0.429121844	0.651877246	0.367997606	0.627187184	0	0.435798154	0.244698666	0	0.668548485	0.738743724
unc.edu__IlluminaHiSeq_RNASeq__TCGA-CR-6472-01A-11R-1873-07__expression_exon.txt	0	0	0	0	0	0	0	0	0.007073272	0.009148504
unc.edu__IlluminaHiSeq_RNASeq__TCGA-CR-6473-01A-11R-1873-07__expression_exon.txt	0.541805122	1.4012468	0.723180119	0.968654076	0	0.880130695	0.351768553	0	0.996427559	1.172778801
unc.edu__IlluminaHiSeq_RNASeq__TCGA-CR-6474-01A-11R-1873-07__expression_exon.txt	4.143981492	10.45491496	8.437679527	8.793743668	0.026609879	7.112759678	3.049827737	0.126713709	9.68966623	7.392065153
unc.edu__IlluminaHiSeq_RNASeq__TCGA-CR-6477-01A-11R-1873-07__expression_exon.txt	0.276348003	1.007351876	0.35406868	0.261837185	0	0.258631631	0.116564948	0	0.643225291	0.584922711
unc.edu__IlluminaHiSeq_RNASeq__TCGA-CR-6478-01A-11R-1873-07__expression_exon.txt	0.686034878	1.62525902	0.955845129	0.867428723	0.00447641	0.923438897	0.322301498	0.005115897	1.216765148	1.457390068
unc.edu__IlluminaHiSeq_RNASeq__TCGA-CR-6480-01A-11R-1873-07__expression_exon.txt	0.026298544	0.07372609	0.023871039	0.174540933	0	0.038372358	0.080194483	0.014960651	0.070875076	0.078313637
unc.edu__IlluminaHiSeq_RNASeq__TCGA-CR-6481-01A-11R-1873-07__expression_exon.txt	0.023743479	0.086519215	0.039760669	0.133517307	0	0	0	0	0.056163803	0.072621559
unc.edu__IlluminaHiSeq_RNASeq__TCGA-CR-6482-01A-11R-1873-07__expression_exon.txt	0.029215805	0.019545373	0.031936884	0.226219599	0	0.056986616	0	0	0.037217682	0.045827399
unc.edu__IlluminaHiSeq_RNASeq__TCGA-CR-6484-01A-11R-1873-07__expression_exon.txt	0.08908732	0.181299956	0.183948819	0.087205366	0	0.053920875	0.063636348	0	0.211292769	0.21761511
unc.edu__IlluminaHiSeq_RNASeq__TCGA-CR-6487-01A-11R-1873-07__expression_exon.txt	0	0.046202484	0	0	0	0	0	0	0.004798762	0.002068891
unc.edu__IlluminaHiSeq_RNASeq__TCGA-CR-6488-01A-12R-2081-07__expression_exon.txt	1.366174649	2.915984899	2.874307002	3.370869881	0	3.105149339	1.28502339	0	3.921946651	4.507373061
unc.edu__IlluminaHiSeq_RNASeq__TCGA-CR-6492-01A-12R-2081-07__expression_exon.txt	0.637384911	1.296938799	1.057440062	0.949764986	0	0.91605139	0.441388616	0	1.304450462	2.018257837
unc.edu__IlluminaHiSeq_RNASeq__TCGA-CR-6493-01A-11R-1873-07__expression_exon.txt	1.446789025	3.654127185	3.293173436	3.885726396	0	3.18999353	1.31243427	0.03415634	3.180183682	2.747002964
unc.edu__IlluminaHiSeq_RNASeq__TCGA-CR-7364-01A-11R-2016-07__expression_exon.txt	0.181544874	0.554637745	0.333649889	0.3665264	0	0.520220763	0.136771983	0	0.553851714	0.49025435
unc.edu__IlluminaHiSeq_RNASeq__TCGA-CR-7365-01A-11R-2016-07__expression_exon.txt	0.903254527	2.363916122	1.732252921	1.796897737	0	1.871012022	0.591875912	0.029048161	2.161067341	2.01962609
unc.edu__IlluminaHiSeq_RNASeq__TCGA-CR-7367-01A-11R-2016-07__expression_exon.txt	0.257112777	0.677316754	0.482266676	0.411481307	0	0.483493818	0.207582253	0	0.638035496	0.539326309
unc.edu__IlluminaHiSeq_RNASeq__TCGA-CR-7368-01A-11R-2132-07__expression_exon.txt	0.025435237	0.138851977	0.143469699	0.099436076	0	0.049359893	0.032703757	0	0.100339104	0.085482169
unc.edu__IlluminaHiSeq_RNASeq__TCGA-CR-7369-01A-11R-2132-07__expression_exon.txt	0.321859096	1.360273927	0.993190659	1.093735887	0	0.578223977	0.267833397	0.006305972	1.051260885	1.139551229
unc.edu__IlluminaHiSeq_RNASeq__TCGA-CR-7370-01A-11R-2132-07__expression_exon.txt	0.322392165	0.742481512	0.702688876	0.825721679	0	0.602346932	0.303533584	0.005964282	0.952565431	0.807158658
unc.edu__IlluminaHiSeq_RNASeq__TCGA-CR-7371-01A-11R-2016-07__expression_exon.txt	2.110240619	5.590096104	2.707787293	2.685285731	0.005699899	2.945847016	1.155384924	0.097712554	3.121508105	3.29558908
unc.edu__IlluminaHiSeq_RNASeq__TCGA-CR-7372-01A-11R-2016-07__expression_exon.txt	0.995944206	1.723354711	1.615601406	1.772998674	0	1.517579932	0.684329173	0	1.977810285	1.971920793
unc.edu__IlluminaHiSeq_RNASeq__TCGA-CR-7373-01A-11R-2016-07__expression_exon.txt	0.77891956	2.11762501	1.995805247	1.317271212	0	1.840418515	0.897089288	0	2.015061425	2.531634999
unc.edu__IlluminaHiSeq_RNASeq__TCGA-CR-7374-01A-11R-2016-07__expression_exon.txt	0.815888777	1.234746715	1.15755237	0.746199344	0	0.769768735	0.400058336	0	1.198409066	1.356356358
unc.edu__IlluminaHiSeq_RNASeq__TCGA-CR-7376-01A-11R-2132-07__expression_exon.txt	0.517359527	1.838396653	1.771155146	1.357410634	0.004910247	1.829760615	0.624795813	0.044893691	1.799414959	1.397750359
unc.edu__IlluminaHiSeq_RNASeq__TCGA-CR-7377-01A-11R-2016-07__expression_exon.txt	2.035480955	4.902252332	4.115736101	4.95531895	0.005312643	4.772132637	1.648929647	0.036429555	5.522747752	5.472690718
unc.edu__IlluminaHiSeq_RNASeq__TCGA-CR-7379-01A-11R-2016-07__expression_exon.txt	0.137551531	0.840876354	0.531281552	0.343346736	0	0.293471267	0.047899326	0	0.444895358	0.31321694
unc.edu__IlluminaHiSeq_RNASeq__TCGA-CR-7380-01A-11R-2016-07__expression_exon.txt	1.20015764	3.950024028	3.464142647	3.290938749	0	2.846893084	0.647729661	0.033940163	3.048036719	2.392662934
unc.edu__IlluminaHiSeq_RNASeq__TCGA-CR-7382-01A-11R-2132-07__expression_exon.txt	0.079884819	0.131396363	0.238750462	0.297919105	0	0.077155821	0.036423108	0	0.110858202	0.069496382
unc.edu__IlluminaHiSeq_RNASeq__TCGA-CR-7383-01A-11R-2132-07__expression_exon.txt	1.226193933	3.087596448	1.234611303	0.94548893	0	1.702616703	0.745669105	0.006266127	2.635818829	11.49610718
unc.edu__IlluminaHiSeq_RNASeq__TCGA-CR-7385-01A-11R-2016-07__expression_exon.txt	0	0	0	0	0	0	0	0	0	0.009202874
unc.edu__IlluminaHiSeq_RNASeq__TCGA-CR-7386-01A-11R-2016-07__expression_exon.txt	0.566920886	1.477528849	1.995488626	1.517184923	0	1.184764076	0.621172695	0.025224134	1.60980693	1.733051138
unc.edu__IlluminaHiSeq_RNASeq__TCGA-CR-7388-01A-11R-2016-07__expression_exon.txt	0.706537837	1.45251876	0.995343227	1.028618395	0	0.948633965	0.43619182	0	1.398844695	1.365557557
unc.edu__IlluminaHiSeq_RNASeq__TCGA-CR-7389-01A-11R-2016-07__expression_exon.txt	0.043898481	0.159804708	0.404647682	0.638578618	0	0.315069187	0.15850804	0	0.261664452	0.292016033
unc.edu__IlluminaHiSeq_RNASeq__TCGA-CR-7390-01A-11R-2016-07__expression_exon.txt	0.872024218	2.313992949	1.944121305	2.516228807	0	2.313507017	0.827532784	0	2.176514791	1.741274305
unc.edu__IlluminaHiSeq_RNASeq__TCGA-CR-7391-01A-11R-2016-07__expression_exon.txt	0.299008145	0.866960414	0.7159565	0.868462619	0	0.599187758	0.362138853	0.071134418	0.834051516	0.689688678
unc.edu__IlluminaHiSeq_RNASeq__TCGA-CR-7392-01A-11R-2016-07__expression_exon.txt	0.695977428	1.467729948	1.288953429	1.129482277	0	1.066279922	0.696904738	0	1.482153884	1.397451449
unc.edu__IlluminaHiSeq_RNASeq__TCGA-CR-7393-01A-11R-2016-07__expression_exon.txt	0.258504426	0.252900717	0.291696328	0.209169075	0	0.227122332	0.102378404	0	0.51169559	0.488178597
unc.edu__IlluminaHiSeq_RNASeq__TCGA-CR-7394-01A-11R-2016-07__expression_exon.txt	0.042234879	0.45208214	0.360998528	0.361198628	0	0.364069181	0.045133113	0	0.408191595	0.368406489
unc.edu__IlluminaHiSeq_RNASeq__TCGA-CR-7395-01A-11R-2016-07__expression_exon.txt	0	0	0	0.144251167	0	0.0687533	0.012061542	0	0.038834548	0.056506771
unc.edu__IlluminaHiSeq_RNASeq__TCGA-CR-7397-01A-11R-2016-07__expression_exon.txt	0.243745029	0.53690995	0.652837428	0.70773238	0	0.873876872	0.303888714	0	0.574573136	0.550215293
unc.edu__IlluminaHiSeq_RNASeq__TCGA-CR-7398-01A-11R-2016-07__expression_exon.txt	0	0.099869882	0.180226092	0.114650384	0	0.204537089	0.098750708	0	0.136554888	0.132225511
unc.edu__IlluminaHiSeq_RNASeq__TCGA-CR-7399-01A-11R-2016-07__expression_exon.txt	3.088136358	6.76244945	5.191136961	6.551914406	0	5.381167791	2.064843128	0.117960673	6.335130125	8.193121958
unc.edu__IlluminaHiSeq_RNASeq__TCGA-CR-7401-01A-11R-2016-07__expression_exon.txt	0.503122254	0.90464687	0.69813706	1.195842777	0	0.793435368	0.251698119	0	1.347045826	2.112647064
unc.edu__IlluminaHiSeq_RNASeq__TCGA-CR-7402-01A-11R-2016-07__expression_exon.txt	0.094338653	0.368205976	0.135079351	0.115838657	0	0.226185567	0.101437095	0	0.255474734	0.251580767
unc.edu__IlluminaHiSeq_RNASeq__TCGA-CR-7404-01A-11R-2132-07__expression_exon.txt	0.071587506	0.281746563	0.235660957	0.317444812	0	0.2455859	0.117471252	0	0.357487548	0.454578649
unc.edu__IlluminaHiSeq_RNASeq__TCGA-CV-5430-01A-02R-1686-07__expression_exon.txt	0.189322376	0.329390942	0.164437289	0.343180072	0	0.34461795	0.247604317	0.009952591	0.717057904	0.402547799
unc.edu__IlluminaHiSeq_RNASeq__TCGA-CV-5431-01A-01R-1514-07__expression_exon.txt	0	0.063060266	0.057959803	0	0	0.060172009	0.035506906	0	0.095925441	0.11671552
unc.edu__IlluminaHiSeq_RNASeq__TCGA-CV-5432-01A-02R-1686-07__expression_exon.txt	0.398712842	0.783000105	0.343360252	0.355220931	0	0.34926428	0.165727798	0	0.698711808	1.517500026
unc.edu__IlluminaHiSeq_RNASeq__TCGA-CV-5434-01A-01R-1686-07__expression_exon.txt	0.279414124	0.29328866	0.296203817	0.27907719	0	0.417018015	0.167098193	0	0.586605253	0.616399762
unc.edu__IlluminaHiSeq_RNASeq__TCGA-CV-5435-01A-01R-1686-07__expression_exon.txt	3.041406027	9.689739017	8.706074122	9.104133928	0.007170701	9.089601957	3.072935905	0.032780346	9.073942155	8.193540721
unc.edu__IlluminaHiSeq_RNASeq__TCGA-CV-5436-01A-01R-1514-07__expression_exon.txt	0.304642826	0.650552979	0.809703271	0.409942078	0	0.772066095	0.294568142	0.032269493	0.855942604	1.240433416
unc.edu__IlluminaHiSeq_RNASeq__TCGA-CV-5439-01A-01R-1686-07__expression_exon.txt	0.494773363	1.302543029	0.631484985	0.605606228	0	0.573639032	0.358647441	0.00710003	1.049341308	1.453724383
unc.edu__IlluminaHiSeq_RNASeq__TCGA-CV-5440-01A-01R-1514-07__expression_exon.txt	1.476043476	2.846437658	3.120846625	3.502760261	0.007987713	4.009710194	1.208087686	0.009128815	3.806704624	5.347072375
unc.edu__IlluminaHiSeq_RNASeq__TCGA-CV-5441-01A-01R-1514-07__expression_exon.txt	0	0	0.058765279	0.020555756	0	0.10930641	0.072000703	0	0.023242437	0.018639354
unc.edu__IlluminaHiSeq_RNASeq__TCGA-CV-5442-01A-01R-1514-07__expression_exon.txt	0.020656758	0.0286624	0	0	0	0	0	0	0.031967135	0.009687125
unc.edu__IlluminaHiSeq_RNASeq__TCGA-CV-5443-01A-01R-1514-07__expression_exon.txt	0	0.079450954	0.1414855	0.048532926	0	0.277977257	0.044735898	0	0.135127687	0.382936439
unc.edu__IlluminaHiSeq_RNASeq__TCGA-CV-5444-01A-02R-1514-07__expression_exon.txt	0.227877113	0.746783022	0.898929557	1.084251046	0	0.466619923	0.278665236	0	0.542333753	0.807936483
unc.edu__IlluminaHiSeq_RNASeq__TCGA-CV-5966-01A-11R-1686-07__expression_exon.txt	0	0	0	0	0	0	0	0	0.178668438	0.265785062
unc.edu__IlluminaHiSeq_RNASeq__TCGA-CV-5970-01A-11R-1686-07__expression_exon.txt	1.442188285	3.607758878	3.795953628	3.719079885	0	3.279078413	1.524895692	0.021389198	3.692164867	4.503370643
unc.edu__IlluminaHiSeq_RNASeq__TCGA-CV-5971-01A-11R-1686-07__expression_exon.txt	0.07775866	0.227694516	0.16882935	0.060531922	0	0.268387115	0.155679166	0.034167845	0.159483063	0.287819568
unc.edu__IlluminaHiSeq_RNASeq__TCGA-CV-5973-01A-11R-1686-07__expression_exon.txt	0.045572907	0.04878124	0.038608518	0.035548743	0	0	0	0	0.151998047	2.504829578
unc.edu__IlluminaHiSeq_RNASeq__TCGA-CV-5976-01A-11R-1686-07__expression_exon.txt	1.071001129	2.523230266	2.583650854	3.137304484	0.005353085	2.20465386	1.161474822	0.03670687	3.070887316	5.044568054
unc.edu__IlluminaHiSeq_RNASeq__TCGA-CV-5977-01A-11R-1686-07__expression_exon.txt	0.047030696	0.267440053	0.115674763	0.5199414	0	0.339003585	0.03543191	0.1248553	0.253399978	0.782144488
unc.edu__IlluminaHiSeq_RNASeq__TCGA-CV-5978-01A-11R-1686-07__expression_exon.txt	0.112850172	0.59838177	0.349522062	0.615619105	0	0.378871243	0.224617781	0	0.433018192	0.627549552
unc.edu__IlluminaHiSeq_RNASeq__TCGA-CV-5979-01A-11R-1686-07__expression_exon.txt	1.088459298	3.685348228	2.07750906	2.992674394	0	2.252010236	0.637434524	0.04568538	3.007918202	4.731521792
unc.edu__IlluminaHiSeq_RNASeq__TCGA-CV-6003-01A-11R-1686-07__expression_exon.txt	0.289844048	1.103622312	0.53707306	0.476397441	0.086134359	0.565988214	0.059595664	0	0.537117686	1.162824642
unc.edu__IlluminaHiSeq_RNASeq__TCGA-CV-6433-01A-11R-1686-07__expression_exon.txt	0	0	0	0	0	0	0	0	0	0.02669598
unc.edu__IlluminaHiSeq_RNASeq__TCGA-CV-6436-01A-11R-1686-07__expression_exon.txt	0	0.092967822	0	0	0	0	0	0	0.009655985	0.059127422
unc.edu__IlluminaHiSeq_RNASeq__TCGA-CV-6441-01A-11R-1686-07__expression_exon.txt	0.005120916	0.078306126	0.034786729	0	0	0	0	0	0.019519599	0.01823356
unc.edu__IlluminaHiSeq_RNASeq__TCGA-CV-6933-01A-11R-1915-07__expression_exon.txt	0.88642055	1.780135745	0.988743513	0.602698889	0.004540421	1.079719122	0.361761137	0	1.165169823	1.898632924
unc.edu__IlluminaHiSeq_RNASeq__TCGA-CV-6933-11A-01R-1915-07__expression_exon.txt	1.568456361	3.424894879	2.779723558	2.969524761	0.003752207	3.077612098	1.296032732	0.021441185	3.257246538	3.625039665
unc.edu__IlluminaHiSeq_RNASeq__TCGA-CV-6934-01A-11R-1915-07__expression_exon.txt	1.028709564	2.277964171	1.750738241	2.356565117	0	2.494676316	1.15260844	0.018206526	2.831986606	3.87065762
unc.edu__IlluminaHiSeq_RNASeq__TCGA-CV-6934-11A-01R-1915-07__expression_exon.txt	1.027536264	2.164251332	1.618199707	1.802482493	0.024850402	1.944932838	0.59748426	0	2.257832986	2.437961976
unc.edu__IlluminaHiSeq_RNASeq__TCGA-CV-6935-01A-11R-1915-07__expression_exon.txt	0.317230352	0.897147505	0.990049428	1.069830779	0	1.229988455	0.46650828	0	1.420081831	1.680414817
unc.edu__IlluminaHiSeq_RNASeq__TCGA-CV-6935-11A-01R-1915-07__expression_exon.txt	0.17635152	0.148330164	0.038207938	0.20703471	0	0.04327228	0.153207261	0	0.183156247	0.163639698
unc.edu__IlluminaHiSeq_RNASeq__TCGA-CV-6936-01A-11R-1915-07__expression_exon.txt	0.730866657	1.719281763	1.246240109	0.999615773	0	1.119998384	0.459437968	0	1.245846557	1.737355066
unc.edu__IlluminaHiSeq_RNASeq__TCGA-CV-6936-11A-01R-1915-07__expression_exon.txt	0.07360295	0.010023486	0.089363797	0.142308747	0	0.031562503	0.010158938	0.035798163	0.074280817	0.102425194
unc.edu__IlluminaHiSeq_RNASeq__TCGA-CV-6937-01A-11R-2016-07__expression_exon.txt	0.745264206	1.867407228	2.411397655	1.906590959	0	3.116591171	0.877556021	0	4.026704783	9.294723661
unc.edu__IlluminaHiSeq_RNASeq__TCGA-CV-6942-01A-21R-2016-07__expression_exon.txt	0.058249241	0.535093179	0.461877104	0.251318589	0	0.247152785	0.083837552	0	0.262821758	0.420113159
unc.edu__IlluminaHiSeq_RNASeq__TCGA-CV-6943-01A-11R-1915-07__expression_exon.txt	0.438403964	0.914167877	0.994113063	0.821220732	0	0.945051562	0.249179136	0	1.017985953	1.016942105
unc.edu__IlluminaHiSeq_RNASeq__TCGA-CV-6945-01A-11R-1915-07__expression_exon.txt	0.793978333	2.193417071	1.905228588	1.741641677	0	1.651932867	0.850276438	0.035575079	3.056692964	12.22033912
unc.edu__IlluminaHiSeq_RNASeq__TCGA-CV-6948-01A-11R-1915-07__expression_exon.txt	0.070665439	0.129363017	0.167368552	0.06612091	0	0.122651764	0.079334782	0	0.115833095	0.279231228
unc.edu__IlluminaHiSeq_RNASeq__TCGA-CV-6950-01A-11R-1915-07__expression_exon.txt	0.922110413	1.757838983	1.958067034	2.132907002	0	1.83952702	0.674907036	0.018912476	2.043395982	2.687014655
unc.edu__IlluminaHiSeq_RNASeq__TCGA-CV-6956-01A-21R-2016-07__expression_exon.txt	0.261076316	0.614378771	0.524438746	0.71467013	0	0.300083608	0.040346513	0	0.310651203	0.517423335
unc.edu__IlluminaHiSeq_RNASeq__TCGA-CV-6956-11A-01R-2016-07__expression_exon.txt	0	0.067662797	0	0	0	0	0	0	0.042166263	0.027268725
unc.edu__IlluminaHiSeq_RNASeq__TCGA-CV-6959-01A-11R-1915-07__expression_exon.txt	1.02043202	2.511838379	2.700532692	2.635772143	0	2.362683188	0.937154944	0.025948315	2.717419198	2.213526492
unc.edu__IlluminaHiSeq_RNASeq__TCGA-CV-6960-01A-41R-2016-07__expression_exon.txt	1.518746221	2.918122276	1.755234392	1.979212914	0	1.651091472	0.8752121	0	2.61121165	3.787687184
unc.edu__IlluminaHiSeq_RNASeq__TCGA-CV-6960-11A-01R-2016-07__expression_exon.txt	0.134364912	0.270215167	0.14020296	0.150209214	0	0.134464373	0.039264046	0	0.22822125	0.198249853
unc.edu__IlluminaHiSeq_RNASeq__TCGA-CV-6961-01A-21R-1915-07__expression_exon.txt	0.695259971	2.032174045	1.478805483	2.18845408	0	1.949213048	0.602885206	0.004854043	2.231726231	2.176491653
unc.edu__IlluminaHiSeq_RNASeq__TCGA-CV-6961-11A-01R-1915-07__expression_exon.txt	0.057102917	0.154563812	0.161434463	0.119262201	0	0.064803819	0.018460734	0	0.207662711	0.197384739
unc.edu__IlluminaHiSeq_RNASeq__TCGA-CV-6962-01A-11R-1915-07__expression_exon.txt	0.48243371	0.947098356	1.346032395	1.253864499	0	0.780003274	0.207192018	0	1.207362912	1.282830993
unc.edu__IlluminaHiSeq_RNASeq__TCGA-CV-6962-11A-01R-1915-07__expression_exon.txt	0.407390136	0.811397336	0.501000001	0.463201647	0	0.475078882	0.271813815	0	0.737612244	0.750717299
unc.edu__IlluminaHiSeq_RNASeq__TCGA-CV-7089-01A-11R-2016-07__expression_exon.txt	0.351469215	0.655715265	0.269594059	0.424771029	0	0.593232197	0.132843449	0	0.528393512	1.035312792
unc.edu__IlluminaHiSeq_RNASeq__TCGA-CV-7090-01A-11R-2016-07__expression_exon.txt	0.157152828	0.306809762	0.220004147	0.212246004	0	0.286447979	0.146691332	0	0.259463974	0.280426732
unc.edu__IlluminaHiSeq_RNASeq__TCGA-CV-7091-01A-11R-2016-07__expression_exon.txt	0.485226405	1.162956183	1.0196315	0.928554655	0	0.549055815	0.436165509	0	1.095766007	1.41397047
unc.edu__IlluminaHiSeq_RNASeq__TCGA-CV-7091-11A-01R-2016-07__expression_exon.txt	0.037139976	0.105410006	0.041521799	0.067391759	0	0.106329613	0.034763596	0	0.204576366	0.190120207
unc.edu__IlluminaHiSeq_RNASeq__TCGA-CV-7095-01A-21R-2016-07__expression_exon.txt	0.628193102	1.488019896	1.841648108	1.65833489	0	1.286539079	0.424196562	0	1.694902592	1.900649264
unc.edu__IlluminaHiSeq_RNASeq__TCGA-CV-7097-01A-11R-2016-07__expression_exon.txt	0.062036868	0.375422799	0.252310992	0.51237858	0	0.486610101	0.09775108	0	0.371445983	0.244439419
unc.edu__IlluminaHiSeq_RNASeq__TCGA-CV-7097-11A-01R-2016-07__expression_exon.txt	0.547624012	1.289852876	1.282601385	1.570814801	0	1.278646141	0.426692042	0	1.202840809	1.883876201
unc.edu__IlluminaHiSeq_RNASeq__TCGA-CV-7099-01A-41R-2016-07__expression_exon.txt	0.101269241	0.837078047	0.509225431	0.245346617	0	0.39189908	0.109185273	0	0.436836885	0.801631208
unc.edu__IlluminaHiSeq_RNASeq__TCGA-CV-7100-01A-11R-2016-07__expression_exon.txt	0.391826829	1.161399155	0.709733753	0.72315962	0	0.716025409	0.272621502	0	0.751252278	1.112692489
unc.edu__IlluminaHiSeq_RNASeq__TCGA-CV-7101-01A-11R-2016-07__expression_exon.txt	0.324520251	0.802746486	0.934827579	0.794522368	0	0.52736283	0.396976331	0.025017031	0.871139888	0.955439526
unc.edu__IlluminaHiSeq_RNASeq__TCGA-CV-7101-11A-01R-2016-07__expression_exon.txt	0.297509607	0.593827001	0.632303897	0.543550798	0	0.576813322	0.187942067	0.005775628	0.671040668	0.753364143
unc.edu__IlluminaHiSeq_RNASeq__TCGA-CV-7102-01A-11R-2016-07__expression_exon.txt	0.636158583	1.830010579	1.257059582	1.724913363	0	1.556834707	0.450578474	0	1.726132036	2.200284322
unc.edu__IlluminaHiSeq_RNASeq__TCGA-CV-7103-01A-21R-2016-07__expression_exon.txt	0.019351907	0.097478972	0.074662203	0.275789273	0	0.162775001	0.086904114	0	0.08352737	0.149500931
unc.edu__IlluminaHiSeq_RNASeq__TCGA-CV-7103-11A-01R-2016-07__expression_exon.txt	0.133977617	0.354871019	0.216805932	0.109528092	0	0.268902041	0.063470572	0	0.32077499	0.27556336
unc.edu__IlluminaHiSeq_RNASeq__TCGA-CV-7104-01A-11R-2016-07__expression_exon.txt	0.923826086	1.535734892	1.289023753	1.480049541	0.004536937	1.534385033	0.528246564	0.025925352	1.405074375	1.42352054
unc.edu__IlluminaHiSeq_RNASeq__TCGA-CV-7177-01A-11R-2016-07__expression_exon.txt	0.606393192	1.462288361	1.198460666	1.041027639	0	1.11664315	0.320774791	0.01224205	0.906252446	0.901977913
unc.edu__IlluminaHiSeq_RNASeq__TCGA-CV-7177-11A-01R-2016-07__expression_exon.txt	0.293496158	0.685544651	0.390842272	0.30204933	0	0.341293387	0.151604812	0	0.739997575	0.846793846
unc.edu__IlluminaHiSeq_RNASeq__TCGA-CV-7178-01A-21R-2016-07__expression_exon.txt	0.747677505	1.693043879	1.136559559	1.42472743	0.004871788	1.472693265	0.431877452	0	1.915311095	2.012632355
unc.edu__IlluminaHiSeq_RNASeq__TCGA-CV-7178-11A-01R-2016-07__expression_exon.txt	0.297930342	0.928066951	0.652808198	0.968197838	0	0.426966461	0.303938087	0	0.608108782	0.954581835
unc.edu__IlluminaHiSeq_RNASeq__TCGA-CV-7180-01A-11R-2016-07__expression_exon.txt	0.038434249	0.0685667	0.082714884	0.072746306	0	0.043617494	0.051476502	0	0.103114736	0.306809527
unc.edu__IlluminaHiSeq_RNASeq__TCGA-CV-7183-01A-11R-2016-07__expression_exon.txt	0.207999264	0.310008422	0.470573167	0.400485534	0	0.412340603	0.201001911	0	0.322413188	0.418715137
unc.edu__IlluminaHiSeq_RNASeq__TCGA-CV-7183-11A-01R-2016-07__expression_exon.txt	0.079009034	0.306778135	0.058788111	0	0	0	0	0	0.119086879	0.115413314
unc.edu__IlluminaHiSeq_RNASeq__TCGA-CV-7235-01A-11R-2016-07__expression_exon.txt	0.425544523	0.611249138	0.703385956	0.592383424	0	0.411776614	0.249180392	0	1.012548037	1.248829176
unc.edu__IlluminaHiSeq_RNASeq__TCGA-CV-7235-11A-01R-2016-07__expression_exon.txt	1.895335887	5.255071458	5.187624373	5.286593672	0	5.036097394	2.177250135	0.032254266	5.560150386	6.101588564
unc.edu__IlluminaHiSeq_RNASeq__TCGA-CV-7236-01A-11R-2016-07__expression_exon.txt	0.937212634	2.069574691	1.81253057	2.077925661	0	1.897897889	0.745625527	0.031554552	1.76687136	1.88574477
unc.edu__IlluminaHiSeq_RNASeq__TCGA-CV-7238-01A-11R-2016-07__expression_exon.txt	0.477361805	0.828310604	0.931685873	0.93499113	0	0.81361897	0.323849579	0	0.799146169	1.63917869
unc.edu__IlluminaHiSeq_RNASeq__TCGA-CV-7238-11A-01R-2016-07__expression_exon.txt	0.674786018	1.515382568	2.205290195	2.421616715	0	1.382763679	0.506475014	0.006161294	1.905598369	1.881780343
unc.edu__IlluminaHiSeq_RNASeq__TCGA-CV-7242-01A-11R-2016-07__expression_exon.txt	0.263568009	0.888317938	0.419574189	0.606098273	0	0.760644733	0.12851822	0	0.531514766	0.611706521
unc.edu__IlluminaHiSeq_RNASeq__TCGA-CV-7242-11A-01R-2016-07__expression_exon.txt	0.017858159	0.001930846	0.065662955	0.120677864	0	0.117914249	0.042943925	0	0.067232661	0.145319233
unc.edu__IlluminaHiSeq_RNASeq__TCGA-CV-7243-01A-11R-2016-07__expression_exon.txt	0.345168825	0.776590284	0.765148209	0.588628609	0	0.766283352	0.254521653	0	1.292335277	2.318537896
unc.edu__IlluminaHiSeq_RNASeq__TCGA-CV-7245-01A-11R-2016-07__expression_exon.txt	0.494525437	1.600055424	1.316562809	0.953527379	0	0.824394517	0.548788061	0	1.417729743	1.363247198
unc.edu__IlluminaHiSeq_RNASeq__TCGA-CV-7245-11A-01R-2016-07__expression_exon.txt	0.03926244	0.199072968	0.164335494	0.031290047	0	0	0	0	0.061215726	0.070674298
unc.edu__IlluminaHiSeq_RNASeq__TCGA-CV-7247-01A-11R-2016-07__expression_exon.txt	2.913132072	7.148515949	3.58456051	3.556329422	0	3.596478363	1.507515089	0.0295122	4.790481142	6.108489422
unc.edu__IlluminaHiSeq_RNASeq__TCGA-CV-7248-01A-11R-2016-07__expression_exon.txt	0.373717337	0.866999614	0.813686347	1.146018399	0	0.951208631	0.343473661	0.016331367	0.758346724	1.154601032
unc.edu__IlluminaHiSeq_RNASeq__TCGA-CV-7250-01A-11R-2016-07__expression_exon.txt	0.084140114	0.378772058	0.194698328	0.112575143	0	0.123151786	0.037915121	0	0.28536563	0.412025582
unc.edu__IlluminaHiSeq_RNASeq__TCGA-CV-7250-11A-01R-2016-07__expression_exon.txt	0.079137121	0.151835765	0.166486584	0.686500236	0	0.233843752	0.035997099	0	0.219123182	0.197440027
unc.edu__IlluminaHiSeq_RNASeq__TCGA-CV-7252-01A-11R-2016-07__expression_exon.txt	0.38928931	0.812897345	0.273117234	0.272329184	0	0.237914179	0.160263469	0	0.49700505	0.631070523
unc.edu__IlluminaHiSeq_RNASeq__TCGA-CV-7252-11A-01R-2016-07__expression_exon.txt	0.136861836	0.53180385	0.277698474	0.103230812	0	0.159574347	0.029504482	0	0.159857651	0.315417003
unc.edu__IlluminaHiSeq_RNASeq__TCGA-CV-7253-01A-11R-2016-07__expression_exon.txt	0	0	0	0	0	0	0	0	0.006150282	0.001767715
unc.edu__IlluminaHiSeq_RNASeq__TCGA-CV-7254-01A-11R-2016-07__expression_exon.txt	0.060375146	0.424174613	0.203097927	0.090820141	0	0.075227802	0.030010939	0	0.178589712	0.29729133
unc.edu__IlluminaHiSeq_RNASeq__TCGA-CV-7255-01A-11R-2016-07__expression_exon.txt	0.186157405	0.512969402	0.447117081	0.679734024	0	0.466414266	0.177338884	0	0.481008207	0.36984386
unc.edu__IlluminaHiSeq_RNASeq__TCGA-CV-7255-11A-01R-2016-07__expression_exon.txt	0.190290937	0.603903174	0.717436427	0.632585118	0	0.243498682	0.293223791	0	0.410761865	0.603301527
unc.edu__IlluminaHiSeq_RNASeq__TCGA-CV-7261-01A-11R-2016-07__expression_exon.txt	0.553425736	1.025511066	0.775118184	0.526014732	0	0.713577961	0.382194068	0.008745319	1.036140432	1.288357925
unc.edu__IlluminaHiSeq_RNASeq__TCGA-CV-7261-11A-01R-2016-07__expression_exon.txt	0.125963102	0.387165047	0.434651559	0.41224515	0	0.265233444	0.154987163	0	0.294844111	0.261769264
unc.edu__IlluminaHiSeq_RNASeq__TCGA-CV-7263-01A-11R-2016-07__expression_exon.txt	0.049739826	0.392830612	0.297826658	0.158478854	0	0.17029459	0.084770177	0	0.237504458	0.282184347
unc.edu__IlluminaHiSeq_RNASeq__TCGA-CV-7406-01A-11R-2081-07__expression_exon.txt	0.210636404	0.425446798	0.449591761	0.793196857	0	0.403899971	0.164768947	0	0.47166168	0.63438843
unc.edu__IlluminaHiSeq_RNASeq__TCGA-CV-7406-11A-01R-2081-07__expression_exon.txt	0.023260876	0.122364137	0.028361253	0.157634959	0	0.048734472	0.028757729	0	0.140408985	0.108704911
unc.edu__IlluminaHiSeq_RNASeq__TCGA-CV-7407-01A-11R-2081-07__expression_exon.txt	0.532105522	1.531596595	1.43270084	1.597228152	0	1.132247437	0.564524004	0.012445934	1.489246191	2.502461947
unc.edu__IlluminaHiSeq_RNASeq__TCGA-CV-7410-01A-21R-2081-07__expression_exon.txt	0.305124659	0.999109452	0.960821354	0.884086999	0	0.214151238	0.123043036	0	0.728801231	0.742577835
unc.edu__IlluminaHiSeq_RNASeq__TCGA-CV-7411-01A-11R-2081-07__expression_exon.txt	0.090393579	0.115187247	0.212588228	0.059726721	0	0.082653444	0.075753775	0	0.215922251	0.232623358
unc.edu__IlluminaHiSeq_RNASeq__TCGA-CV-7413-01A-11R-2081-07__expression_exon.txt	0.025385084	0.152328966	0.217580375	0.231898868	0	0.240616597	0.140826405	0	0.236466607	0.327228792
unc.edu__IlluminaHiSeq_RNASeq__TCGA-CV-7414-01A-11R-2081-07__expression_exon.txt	0.693712567	2.291856698	1.703552528	1.670370942	0	1.738033099	0.622020217	0	1.990506531	3.488348114
unc.edu__IlluminaHiSeq_RNASeq__TCGA-CV-7415-01A-11R-2081-07__expression_exon.txt	1.351832108	3.284924324	2.799143272	2.516333892	0	2.76634865	1.494355629	0.039592666	3.918390928	9.02536206
unc.edu__IlluminaHiSeq_RNASeq__TCGA-CV-7416-01A-11R-2081-07__expression_exon.txt	0.916441417	2.675342435	1.997311656	2.69862719	0.005338726	1.863256171	0.876128244	0.012202803	2.320170006	2.082912173
unc.edu__IlluminaHiSeq_RNASeq__TCGA-CV-7416-11A-01R-2081-07__expression_exon.txt	0.045537335	0.061424311	0.061919668	0.116194933	0	0.202302428	0.068055852	0	0.103722519	0.15544798
unc.edu__IlluminaHiSeq_RNASeq__TCGA-CV-7418-01A-11R-2081-07__expression_exon.txt	0.448228375	1.011246129	0.88742837	0.646543234	0	0.821864253	0.453839821	0	1.185114283	1.632665526
unc.edu__IlluminaHiSeq_RNASeq__TCGA-CV-7421-01A-11R-2081-07__expression_exon.txt	0.108828377	0.747420712	0.572472972	0.28749082	0	0.578260299	0.221164787	0	0.500339882	0.679246687
unc.edu__IlluminaHiSeq_RNASeq__TCGA-CV-7422-01A-21R-2081-07__expression_exon.txt	0.604927545	0.911829609	0.822165798	1.51104753	0	1.135308188	0.380188962	0.011450543	1.076132174	1.221990093
unc.edu__IlluminaHiSeq_RNASeq__TCGA-CV-7423-01A-11R-2081-07__expression_exon.txt	0.51230129	1.318091997	0.803254736	0.781978006	0	0.70080039	0.335564312	0	0.889543074	0.924564419
unc.edu__IlluminaHiSeq_RNASeq__TCGA-CV-7423-11A-01R-2081-07__expression_exon.txt	0.206366601	0.392773233	0.472158879	0	0	0.147054063	0.028925048	0	0.049187303	0.134017966
unc.edu__IlluminaHiSeq_RNASeq__TCGA-CV-7424-01A-11R-2081-07__expression_exon.txt	0	0.023345638	0.097533579	0.114632058	0	0.136695917	0.034057671	0	0.031246404	0.097078667
unc.edu__IlluminaHiSeq_RNASeq__TCGA-CV-7424-11A-01R-2081-07__expression_exon.txt	0.205888168	0.323970816	0.37268327	0.480848404	0	0.151612734	0.173120917	0	0.612054847	0.506244248
unc.edu__IlluminaHiSeq_RNASeq__TCGA-CV-7427-01A-11R-2081-07__expression_exon.txt	0.071256344	0.173165259	0.110399476	0.148289667	0	0	0.027052845	0	0.057387547	0.049483011
unc.edu__IlluminaHiSeq_RNASeq__TCGA-CV-7428-01A-11R-2132-07__expression_exon.txt	0.01789688	0.061654134	0.089048776	0	0	0.10085191	0.029755856	0	0.101543251	0.134909338
unc.edu__IlluminaHiSeq_RNASeq__TCGA-CV-7429-01A-11R-2132-07__expression_exon.txt	0.053612595	0.09450624	0.076397009	0.089614351	0	0.153193459	0.019874725	0	0.124884986	0.159077724
unc.edu__IlluminaHiSeq_RNASeq__TCGA-CV-7430-01A-11R-2132-07__expression_exon.txt	0.464834288	1.385027229	1.154916958	0.937266286	0.010138698	0.989103495	0.379790139	0	0.956179874	1.083037382
unc.edu__IlluminaHiSeq_RNASeq__TCGA-CV-7432-01A-11R-2132-07__expression_exon.txt	0.092061357	0.275875997	0.305853596	0.30149296	0	0.263240456	0.002417674	0.006389568	0.232015389	0.131873684
unc.edu__IlluminaHiSeq_RNASeq__TCGA-CV-7432-11A-01R-2132-07__expression_exon.txt	1.888036801	4.480131545	3.173401687	3.105210864	0.005861346	3.252644347	1.357297638	0.066986812	4.543183595	7.21785234
unc.edu__IlluminaHiSeq_RNASeq__TCGA-CV-7433-01A-11R-2132-07__expression_exon.txt	0.259392315	0.517490457	0.331114864	0.62044796	0	0.450107304	0.084051854	0.005923654	0.445440607	0.618530114
unc.edu__IlluminaHiSeq_RNASeq__TCGA-CV-7434-01A-11R-2132-07__expression_exon.txt	0.676841136	1.238343633	0.596539898	1.083016083	0	0.862472708	0.566668392	0.005925316	1.766650062	1.667892068
unc.edu__IlluminaHiSeq_RNASeq__TCGA-CV-7434-11A-01R-2132-07__expression_exon.txt	2.237464524	5.021135126	3.804911421	4.705460127	0	3.903688101	1.998528937	0.006164956	4.183674712	5.723481343
unc.edu__IlluminaHiSeq_RNASeq__TCGA-CV-7435-01A-11R-2132-07__expression_exon.txt	0.430133253	1.290556172	1.21823168	0.957468166	0	0.820964486	0.271978445	0	1.002405658	1.072940331
unc.edu__IlluminaHiSeq_RNASeq__TCGA-CV-7437-01A-21R-2132-07__expression_exon.txt	0.110766732	0.288720453	0.00543787	0.07852016	0	0.108392111	0	0	0.156943213	0.243893979
unc.edu__IlluminaHiSeq_RNASeq__TCGA-CV-7437-11A-01R-2132-07__expression_exon.txt	0.080715618	0.156063422	0.106471407	0.074486169	0	0.109767595	0.038501297	0	0.22592797	0.262314592
unc.edu__IlluminaHiSeq_RNASeq__TCGA-CV-7438-01A-21R-2132-07__expression_exon.txt	0.65574556	1.642639231	1.324816886	1.335752826	0	1.847338703	0.658016779	0	1.923052611	2.75987467
unc.edu__IlluminaHiSeq_RNASeq__TCGA-CV-7438-11A-01R-2132-07__expression_exon.txt	0.142784164	0.598190743	0.306088388	0.293211803	0	0.317771151	0.147542054	0.006214065	0.354457284	0.52810536
unc.edu__IlluminaHiSeq_RNASeq__TCGA-CV-7440-01A-11R-2132-07__expression_exon.txt	0.098151119	0.159487441	0.063555516	0.096383673	0	0.019155861	0.018839473	0	0.047262265	0.050341177
unc.edu__IlluminaHiSeq_RNASeq__TCGA-CX-7082-01A-11R-2016-07__expression_exon.txt	0.112364711	0.219990512	0.08503619	0.539379069	0	0.272692812	0.148758003	0	0.367773375	0.525228402
unc.edu__IlluminaHiSeq_RNASeq__TCGA-CX-7085-01A-21R-2016-07__expression_exon.txt	0.330861756	0.649174004	0.278779	0.37883637	0	0.250899569	0.211329262	0.006494338	0.35157652	0.276426375
unc.edu__IlluminaHiSeq_RNASeq__TCGA-CX-7086-01A-11R-2081-07__expression_exon.txt	0.092699172	0.227391069	0.398998367	0.349317089	0	0.083831718	0.111740083	0	0.259848209	0.141233096
unc.edu__IlluminaHiSeq_RNASeq__TCGA-CX-7219-01A-11R-2016-07__expression_exon.txt	0.396889013	0.570346482	0.173242457	0.188391337	0	0.474331995	0.331589119	0.011626437	0.577218533	0.57796073
unc.edu__IlluminaHiSeq_RNASeq__TCGA-D6-6515-01A-21R-1873-07__expression_exon.txt	0.103263847	0.593860765	0.331282835	0.243680825	0	0.243478634	0.228074944	0	0.520838547	0.509456486
unc.edu__IlluminaHiSeq_RNASeq__TCGA-D6-6516-01A-11R-1873-07__expression_exon.txt	0.003439269	0.141120083	0.090230232	0.134138565	0	0.138559656	0.035123405	0	0.076472652	0.119789804
unc.edu__IlluminaHiSeq_RNASeq__TCGA-D6-6517-01A-11R-1873-07__expression_exon.txt	0.790645971	1.300116551	1.480073344	1.512156352	0	0.902786168	0.332889017	0.038015104	1.757397028	2.185510993
unc.edu__IlluminaHiSeq_RNASeq__TCGA-D6-6823-01A-11R-1915-07__expression_exon.txt	0.07059776	0.192233984	0.092150704	0.070328259	0	0.117805934	0.053653377	0	0.186149819	0.249094165
unc.edu__IlluminaHiSeq_RNASeq__TCGA-DQ-5624-01A-01R-1873-07__expression_exon.txt	0.519802111	1.236729784	1.352211391	0.912776947	0	1.402981397	0.413942709	0.005246961	1.318526297	2.2335449
unc.edu__IlluminaHiSeq_RNASeq__TCGA-DQ-5625-01A-01R-1873-07__expression_exon.txt	0.029369696	0.104791077	0.286939415	0.537364222	0	0.25206187	0.092808351	0	0.202260855	0.248331554
unc.edu__IlluminaHiSeq_RNASeq__TCGA-DQ-5629-01A-01R-1873-07__expression_exon.txt	0.407589979	1.710580079	1.008446924	1.222122256	0	1.318976081	0.519687221	0	1.212339555	1.419120889
unc.edu__IlluminaHiSeq_RNASeq__TCGA-DQ-5630-01A-01R-1873-07__expression_exon.txt	0.079553001	0.181760464	0.567543753	0.793453742	0	0.464474677	0.204685207	0	0.531437635	0.775742818
unc.edu__IlluminaHiSeq_RNASeq__TCGA-DQ-5631-01A-01R-1873-07__expression_exon.txt	1.635048607	4.029777318	3.838061467	3.762941324	0	2.822629454	1.095926363	0.071322861	3.676973881	4.335946585
unc.edu__IlluminaHiSeq_RNASeq__TCGA-DQ-7588-01A-11R-2081-07__expression_exon.txt	1.007438998	2.006092496	0.947795893	1.073580292	0	1.053375429	0.547603748	0	1.957672498	2.92925903
unc.edu__IlluminaHiSeq_RNASeq__TCGA-DQ-7591-01A-11R-2081-07__expression_exon.txt	0.033992199	0.060642084	0.111474419	0.233958657	0	0.202526043	0.034145317	0	0.094477696	0.143920403
unc.edu__IlluminaHiSeq_RNASeq__TCGA-DQ-7592-01A-11R-2081-07__expression_exon.txt	0.408392583	0.992789577	1.099667942	1.228646323	0	1.04447915	0.445818596	0	1.093646274	1.168667883
unc.edu__IlluminaHiSeq_RNASeq__TCGA-F7-7848-01A-11R-2132-07__expression_exon.txt	0.06822909	0.056178783	0	0	0	0	0.01120307	0	0.206593272	12.96405428
unc.edu__IlluminaHiSeq_RNASeq__TCGA-H7-7774-01A-21R-2081-07__expression_exon.txt	0.080750759	0.108967973	0.064506216	0.136808504	0	0.094284296	0.019238696	0	0.108766171	0.110470018
unc.edu__IlluminaHiSeq_RNASeq__TCGA-HD-7229-01A-11R-2016-07__expression_exon.txt	1.283910384	2.76659718	1.741663213	1.484069073	0	1.698520487	0.407447202	0.028198357	2.403166003	2.442139068
unc.edu__IlluminaHiSeq_RNASeq__TCGA-HD-7753-01A-11R-2081-07__expression_exon.txt	0.671321165	1.669133403	1.271136257	1.710735377	0.004686471	1.559199533	0.870416936	0.005355967	1.391338579	1.542944299
unc.edu__IlluminaHiSeq_RNASeq__TCGA-HD-7754-01A-11R-2081-07__expression_exon.txt	0.024353462	0.043446577	0	0.067047186	0	0.124369971	0.024463162	0	0.051141933	0.029506526
unc.edu__IlluminaHiSeq_RNASeq__TCGA-HD-7831-01A-11R-2132-07__expression_exon.txt	0.832854302	2.259207748	1.767535009	2.382433256	0	3.106582375	0.987345699	0.008852972	2.443276957	2.897643059
unc.edu__IlluminaHiSeq_RNASeq__TCGA-HD-7832-01A-11R-2132-07__expression_exon.txt	0.188038066	0.287237548	0.389262993	0.237811568	0	0.414123339	0.141663813	0	0.446360193	0.402411629
unc.edu__IlluminaHiSeq_RNASeq__TCGA-IQ-7630-01A-11R-2081-07__expression_exon.txt	0.349506639	0.939375881	0.915267696	0.906033836	0	0.735667949	0.239862635	0	1.12031971	1.885059423
unc.edu__IlluminaHiSeq_RNASeq__TCGA-IQ-7631-01A-11R-2081-07__expression_exon.txt	0.123538269	0.308087627	0.257715402	0.251077099	0	0.172862729	0.033135247	0	0.182586798	0.918401891
unc.edu__IlluminaHiSeq_RNASeq__TCGA-IQ-7632-01A-11R-2081-07__expression_exon.txt	0.173985255	0.385356698	0.261107981	0.274002203	0	0.301193261	0.142184927	0	0.273615162	0.604277185
unc.edu__IlluminaHiSeq_RNASeq__TCGA-CR-6491-01A-11R-1873-07__expression_exon.txt	0.41598612	0.730043333	0.516616247	0.530269106	0	0.482910487	0.234891677	0	0.760815751	0.640659261
