Object	DM1	DM10	DM11	DM12	DM13	DM14	DM15	DM16	DM17	DM2	DM3	DM4	DM5	DM6	DM7	DM8	DM9	SN1	SN10	SN2	SN3	SN4	SN5	SN6	SN7	SN8	SN9							
IPI:IPI00022434	8647	9659	8766	9928	7297	9498	7969	8118	9457	9185	6766	8413	9260	9236	9642	8457	9450	9833	9767	9095	13213	9074	9948	8459	10263	11612	8523							
IPI:IPI00384697	6277	7446	6576	7412	5536	7045	6229	6670	7294	6719	5455	6055	7197	7302	7642	6433	7193	7137	7576	7125	9779	7127	7334	6294	7286	8728	6532							
IPI:IPI00216773	6095	6920	6269	7083	4930	6653	5996	5795	7012	6598	4875	5918	6486	5862	6086	5939	6682	6988	7054	6660	9706	6931	7004	6375	7410	8306	6147							
IPI:IPI00164623	1945	2864	2248	3571	2442	2757	2599	3366	3093	3073	2992	3134	3263	3223	2642	3008	3712	2470	2320	2896	3636	2415	2191	2262	2797	2800	2604							
IPI:IPI00022463	2970	2358	2250	3207	1425	2270	2172	2908	3346	2936	1756	2104	2459	2316	1622	2516	3523	3183	4285	3224	3185	2979	2623	3001	3609	4019	3653							
IPI:IPI00423445	2595	2362	2609	3143	2029	2649	1849	2238	2972	2887	1939	2036	1764	2334	1820	2475	2254	2818	3875	2958	2753	3143	2517	3452	3071	3611	3108							
IPI:IPI00439447	2581	2364	2598	3136	2022	2640	1851	2232	2968	2876	1939	2025	1750	2329	1833	2461	2244	2798	3876	2951	2741	3133	2510	3460	3075	3617	3128							
IPI:IPI00426007	2579	2366	2596	3135	2017	2636	1849	2229	2965	2876	1938	2025	1747	2327	1830	2457	2242	2792	3871	2949	2739	3130	2511	3455	3073	3616	3128							
IPI:IPI00423463	2578	2364	2596	3131	2017	2636	1849	2229	2967	2876	1938	2024	1747	2326	1829	2457	2242	2792	3869	2947	2735	3128	2510	3456	3072	3614	3127							
IPI:IPI00448925	2581	2354	2595	3130	2017	2640	1852	2233	2968	2877	1940	2022	1748	2315	1822	2456	2245	2796	3875	2948	2741	3136	2518	3446	3068	3606	3108							
IPI:IPI00549769	2580	2353	2596	3130	2017	2643	1849	2233	2967	2877	1940	2022	1748	2314	1822	2458	2244	2795	3875	2947	2739	3135	2516	3448	3070	3608	3109							
IPI:IPI00384938	2578	2361	2594	3129	2013	2640	1848	2229	2963	2874	1937	2021	1747	2324	1827	2458	2242	2791	3870	2946	2733	3126	2510	3454	3070	3615	3126							
IPI:IPI00550367	2578	2361	2594	3129	2013	2636	1847	2229	2963	2874	1937	2021	1747	2324	1827	2456	2242	2791	3869	2949	2733	3128	2510	3456	3067	3614	3126							
IPI:IPI00423466	2578	2361	2594	3129	2013	2636	1847	2229	2963	2874	1937	2021	1747	2324	1827	2456	2242	2791	3869	2947	2733	3127	2510	3453	3066	3614	3126							
IPI:IPI00550438	2581	2353	2597	3132	2017	2639	1848	2228	2965	2876	1939	2021	1750	2312	1822	2457	2246	2792	3873	2949	2736	3133	2514	3445	3071	3603	3107							
IPI:IPI00550945	2581	2357	2598	3133	2018	2637	1848	2228	2962	2875	1939	2021	1750	2313	1823	2456	2246	2793	3868	2950	2736	3130	2510	3445	3068	3602	3103							
IPI:IPI00550647	2578	2351	2595	3132	2016	2638	1847	2228	2964	2874	1937	2021	1749	2312	1824	2458	2243	2791	3871	2946	2734	3127	2510	3445	3063	3597	3103							
IPI:IPI00549654	2579	2351	2595	3129	2013	2637	1847	2228	2962	2874	1939	2021	1748	2310	1820	2455	2249	2791	3867	2949	2734	3131	2510	3445	3064	3599	3103							
IPI:IPI00472762	2579	2351	2595	3127	2013	2637	1847	2228	2962	2874	1939	2021	1748	2310	1820	2455	2244	2791	3869	2947	2734	3132	2510	3444	3064	3599	3104							
IPI:IPI00550462	2579	2351	2595	3127	2014	2637	1847	2228	2962	2874	1939	2021	1748	2310	1820	2455	2244	2791	3867	2947	2734	3130	2514	3443	3064	3599	3103							
IPI:IPI00385332	2579	2351	2595	3127	2013	2637	1847	2228	2962	2874	1939	2021	1748	2310	1820	2455	2244	2791	3867	2947	2734	3130	2510	3445	3064	3599	3103							
IPI:IPI00550509	2579	2351	2595	3128	2013	2637	1847	2228	2962	2874	1939	2021	1748	2311	1820	2455	2244	2791	3867	2947	2734	3130	2510	3443	3064	3599	3103							
IPI:IPI00550142	2579	2351	2595	3127	2013	2637	1847	2228	2962	2874	1939	2021	1748	2310	1820	2455	2244	2791	3867	2947	2734	3130	2510	3443	3064	3599	3103							
IPI:IPI00472610	2584	2333	2585	3115	2015	2618	1851	2236	2963	2884	1942	2020	1750	2300	1823	2448	2224	2794	3869	2950	2736	3130	2511	3452	3080	3603	3105							
IPI:IPI00426057	2576	2328	2581	3113	2011	2613	1847	2227	2962	2873	1939	2018	1748	2298	1820	2442	2221	2791	3865	2945	2730	3129	2509	3444	3068	3600	3105							
IPI:IPI00550751	2576	2328	2580	3113	2011	2610	1849	2229	2962	2873	1939	2018	1748	2296	1820	2440	2221	2791	3865	2944	2730	3129	2509	3442	3064	3598	3104							
IPI:IPI00448984	2577	2328	2580	3114	2011	2610	1847	2227	2962	2873	1939	2018	1748	2296	1820	2440	2221	2789	3865	2944	2730	3128	2509	3442	3065	3600	3103							
IPI:IPI00550599	2559	2327	2573	3115	2007	2613	1846	2228	2960	2871	1939	2015	1743	2295	1814	2439	2220	2784	3863	2940	2727	3128	2508	3436	3055	3593	3102							
IPI:IPI00478003	3277	1811	2853	3204	1875	2510	2312	2546	2025	2545	1442	3087	2727	1596	1421	2078	4958	3479	4347	2780	2972	3044	1407	1868	2484	2606	2499							
IPI:IPI00551005	2320	2291	2458	3041	2297	2709	1885	2312	2466	2831	2527	2239	1823	2353	1983	2525	2344	2645	3069	2672	2945	3076	2680	2632	2340	2837	2452							
IPI:IPI00465313	3181	1765	2770	3134	1818	2443	2210	2409	1975	2417	1414	3022	2618	1569	1391	2036	4863	3395	4217	2707	2855	2931	1364	1768	2369	2502	2357							
IPI:IPI00549576	2354	2163	2451	2865	1891	2439	1803	2130	2847	2619	1840	1895	1656	2161	1672	2250	2038	2609	3458	2789	2544	2908	2357	3226	2825	3252	2835							
IPI:IPI00549462	2438	2195	2258	2859	1851	2403	1675	1999	2724	2615	1822	1852	1621	2135	1666	2277	2085	2577	3779	2734	2510	2858	2361	3319	2927	3364	2913							
IPI:IPI00549440	2418	2166	2238	2838	1848	2370	1667	1988	2702	2593	1820	1837	1614	2120	1662	2257	2058	2568	3752	2715	2500	2848	2351	3289	2911	3336	2895							
IPI:IPI00549304	2214	2107	2287	2685	1778	2307	1566	2030	2356	2485	1722	1808	1540	2079	1683	2214	2047	2439	3411	2524	2359	2707	2082	3033	2674	3096	2603							
IPI:IPI00550718	2014	2011	2275	2747	1723	2327	1479	1842	2373	2314	1559	1685	1415	1946	1538	2051	1988	2200	2925	2387	2182	2532	2052	2622	2211	2717	2411							
IPI:IPI00549747	3185	1439	1428	2221	1304	1424	1707	1717	2057	1905	1247	1268	1276	1466	905	1839	1728	2429	2924	2374	2513	2468	1665	2860	2688	2818	2594							
IPI:IPI00430808	3186	1440	1429	2221	1306	1424	1707	1717	2057	1907	1247	1269	1276	1467	906	1839	1730	2427	2919	2370	2511	2463	1667	2860	2687	2819	2595							
IPI:IPI00448985	3185	1439	1428	2221	1304	1423	1707	1716	2056	1905	1247	1268	1275	1466	904	1838	1728	2425	2919	2368	2509	2464	1665	2858	2685	2817	2593							
IPI:IPI00430847	3138	1328	1350	2128	1238	1352	1573	1620	1953	1824	1177	1175	1197	1396	868	1775	1678	2332	2822	2203	2412	2366	1627	2679	2477	2668	2484							
IPI:IPI00419424	3140	1332	1349	2117	1241	1351	1578	1612	1967	1829	1178	1179	1202	1394	866	1779	1682	2336	2811	2205	2402	2349	1635	2664	2471	2657	2471							
IPI:IPI00441043	3132	1335	1348	2115	1238	1351	1572	1615	1942	1821	1177	1177	1202	1393	864	1776	1678	2320	2811	2195	2398	2332	1625	2665	2462	2650	2467							
IPI:IPI00473097	3129	1329	1345	2118	1236	1348	1570	1610	1944	1821	1173	1174	1197	1393	863	1774	1678	2320	2802	2193	2395	2328	1622	2660	2460	2648	2467							
IPI:IPI00385058	3129	1328	1345	2114	1235	1346	1570	1610	1943	1820	1173	1174	1197	1391	863	1774	1678	2321	2805	2190	2393	2329	1622	2661	2466	2650	2464							
IPI:IPI00440577	3129	1328	1345	2115	1236	1346	1571	1610	1943	1820	1173	1174	1197	1391	863	1774	1678	2318	2801	2195	2397	2327	1622	2661	2460	2650	2464							
IPI:IPI00448845	3129	1328	1345	2114	1235	1347	1570	1610	1945	1820	1173	1174	1197	1394	863	1774	1678	2318	2801	2190	2393	2328	1622	2659	2460	2648	2464							
IPI:IPI00430848	3129	1328	1345	2114	1235	1346	1570	1611	1941	1820	1173	1174	1197	1392	863	1774	1678	2318	2801	2191	2396	2327	1623	2659	2461	2648	2464							
IPI:IPI00448707	3129	1328	1345	2115	1235	1346	1570	1610	1941	1820	1173	1174	1197	1391	863	1774	1678	2319	2801	2191	2394	2327	1622	2660	2460	2648	2464							
IPI:IPI00472961	3129	1328	1345	2115	1235	1346	1570	1610	1941	1820	1173	1174	1197	1391	863	1774	1678	2318	2801	2191	2393	2328	1622	2659	2460	2648	2464							
IPI:IPI00430839	3129	1328	1345	2114	1235	1346	1570	1610	1941	1820	1173	1174	1197	1391	863	1774	1678	2318	2801	2190	2393	2327	1622	2659	2460	2649	2464							
IPI:IPI00549330	3129	1328	1345	2114	1235	1346	1570	1610	1941	1820	1173	1174	1197	1391	863	1774	1678	2318	2801	2190	2393	2327	1622	2659	2460	2648	2464							
IPI:IPI00554675	3128	1324	1336	2111	1235	1346	1570	1610	1941	1820	1173	1174	1197	1390	863	1772	1678	2318	2801	2190	2393	2327	1622	2659	2460	2648	2464							
IPI:IPI00550315	3056	1129	1349	2136	1003	1597	1414	1600	1802	1841	949	1051	1044	1270	764	1513	1400	2270	2552	2177	2194	2493	1764	2615	2473	2609	2274							
IPI:IPI00550048	2793	1187	1245	1813	1159	1214	1324	1387	1722	1497	1068	1096	1146	1223	741	1557	1513	2005	2371	1993	2140	2085	1439	2311	2138	2290	2103							
IPI:IPI00553177	1416	1280	1449	2160	1194	1636	738	724	938	1515	833	1333	1230	1700	977	1465	1805	1824	1558	1568	1749	1733	2213	1256	1670	1666	1520							
IPI:IPI00550640	1199	787	857	1244	786	981	925	791	1554	1169	761	668	707	806	518	916	785	1216	1836	1266	1258	1278	1112	1609	1907	2107	1500							
IPI:IPI00426051	1163	739	805	1114	802	737	1042	713	1380	812	631	597	581	860	440	1081	715	1287	1828	1257	1549	1281	953	1804	1839	1755	1598							
IPI:IPI00399007	1224	668	761	1076	724	718	967	766	1476	825	607	579	574	869	439	898	532	1216	1934	1047	1438	1135	858	1888	2042	1867	1639							
IPI:IPI00154742	985	784	686	1091	980	978	775	801	867	1210	1317	928	742	871	786	1022	859	1048	1131	954	1413	1297	1263	821	1008	1196	910							
IPI:IPI00430806	977	771	681	1091	976	964	771	801	867	1201	1317	928	742	867	777	1009	853	1048	1131	954	1413	1286	1257	820	997	1180	906							
IPI:IPI00386158	970	767	677	1094	975	960	770	802	863	1192	1316	927	744	866	774	999	852	1054	1133	945	1419	1260	1254	809	970	1134	891							
IPI:IPI00022229	989	466	477	834	568	1312	415	538	858	1228	529	2294	2456	1409	778	1298	1341	944	1025	923	1199	480	554	586	1047	931	848							
IPI:IPI00412608	969	764	676	1088	973	960	766	801	863	1193	1313	927	740	862	770	996	847	1046	1124	943	1409	1257	1251	797	966	1125	892							
IPI:IPI00550162	970	764	676	1090	972	958	766	797	860	1191	1313	925	742	863	770	996	847	1048	1122	941	1411	1254	1251	798	965	1125	891							
IPI:IPI00384931	969	765	676	1086	973	958	764	796	860	1193	1313	924	739	862	769	996	848	1044	1121	941	1405	1253	1252	797	971	1125	888							
IPI:IPI00479461	969	764	678	1086	973	958	766	798	863	1191	1313	924	739	862	770	996	847	1044	1120	941	1405	1253	1251	796	963	1121	888							
IPI:IPI00456619	969	765	676	1086	971	958	764	796	860	1192	1313	924	740	862	770	996	847	1044	1121	941	1405	1253	1251	796	963	1121	888							
IPI:IPI00555945	969	764	676	1086	971	958	764	796	860	1191	1313	924	739	862	769	996	847	1044	1120	941	1406	1253	1251	797	963	1121	888							
IPI:IPI00550990	947	760	667	1070	965	926	738	774	834	1177	1307	922	735	856	761	989	838	1032	1057	915	1395	1246	1243	767	876	1051	846							
IPI:IPI00470798	1047	574	697	880	620	656	887	693	1354	761	560	514	514	688	404	756	481	1015	1670	904	1144	972	754	1632	1731	1663	1382							
IPI:IPI00553170	853	782	646	1044	946	912	679	685	813	1150	1222	917	733	843	807	907	798	944	891	868	1349	1204	1150	661	763	932	779							
IPI:IPI00430823	854	782	646	1044	946	911	679	684	814	1148	1223	917	733	843	805	907	798	943	891	866	1352	1206	1151	663	759	929	779							
IPI:IPI00477644	854	783	646	1044	946	911	679	684	814	1149	1223	917	734	843	806	907	797	943	892	866	1350	1205	1150	663	759	928	779							
IPI:IPI00441042	854	782	646	1044	946	911	679	684	814	1148	1223	917	733	843	805	907	797	943	891	866	1350	1205	1150	663	759	929	779							
IPI:IPI00456772	853	782	646	1047	946	911	679	684	817	1148	1222	917	732	843	805	907	797	942	891	867	1347	1204	1148	661	758	930	776							
IPI:IPI00554822	853	782	646	1044	946	911	679	684	813	1148	1222	917	732	843	805	907	797	942	891	866	1350	1204	1148	662	758	928	777							
IPI:IPI00440192	853	782	646	1044	946	911	679	684	813	1148	1222	919	732	843	805	907	797	942	892	866	1347	1204	1148	660	758	928	776							
IPI:IPI00453459	439	1095	725	1242	840	1011	449	642	906	1127	594	812	981	1205	590	934	1276	1154	1106	859	1719	753	554	368	758	592	999							
IPI:IPI00555805	438	1083	718	1233	825	1014	440	629	895	1136	582	802	982	1198	590	916	1275	1145	1086	851	1715	743	562	362	747	585	998							
IPI:IPI00032258	432	1055	687	1218	806	998	434	622	880	1129	576	798	976	1184	584	907	1259	1137	1071	857	1699	739	558	366	732	576	982							
IPI:IPI00418163	431	1057	697	1186	792	953	447	640	871	1119	584	802	964	1165	582	916	1235	1145	1075	873	1659	742	531	367	742	581	937							
IPI:IPI00552854	804	635	522	929	854	740	613	646	651	945	1138	827	651	756	660	808	684	853	778	724	1147	953	1042	610	659	791	749							
IPI:IPI00017601	991	671	652	775	394	809	550	618	720	509	374	1108	768	727	420	560	789	897	951	871	506	910	1543	748	818	649	564							
IPI:IPI00021841	1044	548	511	637	399	811	658	687	608	864	348	550	638	515	476	536	521	815	1342	738	974	701	627	759	1409	1047	779							
IPI:IPI00550061	733	473	675	760	590	723	542	401	1073	586	412	520	364	453	492	625	450	865	1190	961	845	965	821	956	928	1074	867							
IPI:IPI00472345	729	468	673	754	586	714	538	394	1067	581	410	517	362	447	489	620	447	857	1184	960	836	959	815	949	922	1065	861							
IPI:IPI00554766	729	468	671	754	584	714	538	394	1067	581	410	517	362	447	489	620	447	857	1182	960	836	959	816	949	922	1065	861							
IPI:IPI00478493	395	601	656	617	497	553	543	625	478	706	517	492	913	410	320	456	872	808	606	399	780	751	1583	503	705	517	627							
IPI:IPI00426069	635	363	502	771	528	528	695	433	965	381	318	262	310	434	155	516	441	602	952	529	809	588	487	1014	1157	1264	909							
IPI:IPI00556287	860	435	384	626	360	444	555	569	667	689	343	317	256	446	291	532	464	772	1074	651	782	742	616	908	887	991	849							
IPI:IPI00021854	752	515	473	633	288	636	416	460	521	696	419	557	557	470	349	406	589	638	739	756	619	583	595	609	753	747	587							
IPI:IPI00022488	424	569	693	615	542	637	584	654	495	588	614	692	661	679	475	583	558	481	386	532	726	624	596	299	461	353	381							
IPI:IPI00166866	1925	473	773	923	401	677	213	324	241	435	236	162	243	614	409	561	673	863	349	522	511	837	264	512	463	375	469							
IPI:IPI00550584	1923	473	763	920	397	671	213	324	242	434	235	164	244	610	408	555	674	863	348	525	511	837	266	509	455	374	469							
IPI:IPI00553132	1922	473	761	923	397	669	213	323	242	433	233	164	243	610	412	555	672	863	348	523	509	837	266	509	455	372	467							
IPI:IPI00386879	1925	471	763	920	397	673	211	322	242	433	233	162	243	611	410	556	672	864	343	522	510	838	264	509	455	375	469							
IPI:IPI00430842	1923	471	761	920	395	669	211	322	240	433	233	162	244	609	408	553	672	864	345	522	509	836	264	510	453	371	468							
IPI:IPI00423462	1925	471	769	919	394	669	211	322	240	434	233	162	243	609	407	554	671	863	343	522	508	836	264	506	452	371	467							
IPI:IPI00449920	1923	471	761	918	395	669	211	322	240	433	233	162	243	609	408	553	673	864	343	522	510	836	264	507	453	371	468							
IPI:IPI00552678	1922	471	761	918	395	669	211	322	240	433	233	162	243	609	408	553	672	863	345	522	509	835	264	507	455	372	467							
IPI:IPI00550392	1923	471	761	918	395	669	211	324	240	433	233	162	243	609	408	553	672	863	343	522	509	835	264	507	454	371	467							
IPI:IPI00550932	1922	471	761	918	395	669	211	322	240	433	233	162	243	609	408	553	673	863	345	522	509	835	264	507	453	371	467							
IPI:IPI00472226	1923	471	761	918	395	669	211	322	240	433	233	162	243	609	408	553	672	863	343	522	509	835	264	507	453	371	467							
IPI:IPI00022431	678	440	384	598	285	514	529	571	489	562	344	443	525	512	336	391	503	678	720	568	505	654	640	653	615	825	394							
IPI:IPI00550663	1922	471	761	918	395	669	211	322	240	433	233	162	243	609	408	553	672	863	343	522	509	835	264	507	453	371	467							
IPI:IPI00555812	508	353	379	442	183	486	432	385	418	401	258	414	477	354	291	348	339	733	662	805	446	524	1067	715	699	799	703							
IPI:IPI00556633	394	450	439	544	332	536	540	510	484	528	379	581	513	899	340	530	552	498	510	532	628	541	488	265	484	393	632							
IPI:IPI00473015	1807	457	742	894	382	638	207	319	215	413	228	155	234	586	399	540	645	779	306	485	473	726	246	454	408	341	399							
IPI:IPI00441196	548	260	407	548	357	375	554	334	806	231	210	211	213	366	144	385	246	479	770	377	702	435	335	899	956	836	745							
IPI:IPI00022432	382	252	180	430	126	371	293	280	678	497	387	362	497	292	153	310	267	663	681	523	689	604	448	419	653	781	576							
IPI:IPI00552195	451	273	324	462	317	433	388	463	378	486	445	241	214	250	227	432	324	503	733	440	565	538	480	522	702	725	452							
IPI:IPI00479708	522	134	125	816	317	403	211	222	172	775	717	642	401	529	422	553	231	314	290	754	803	626	94	321	259	234	308							
IPI:IPI00061977	1592	393	479	739	310	539	171	261	163	380	162	127	197	483	327	438	553	694	232	408	374	651	177	355	337	283	351							
IPI:IPI00479169	526	133	125	853	315	405	212	222	161	774	717	640	400	530	424	557	232	305	252	752	801	610	92	317	248	210	306							
IPI:IPI00549273	523	130	121	851	313	399	210	220	160	772	716	638	398	526	423	553	229	302	254	753	798	609	92	313	246	209	304							
IPI:IPI00549291	523	130	121	851	313	399	210	220	160	772	716	638	398	526	423	553	229	301	252	751	797	608	93	313	246	208	304							
IPI:IPI00549422	518	130	124	810	312	399	211	220	163	772	717	640	398	526	419	551	229	303	250	742	794	614	92	314	249	211	303							
IPI:IPI00385264	464	122	97	592	309	389	203	217	149	746	696	596	366	495	400	522	214	298	241	680	728	571	82	286	207	165	276							
IPI:IPI00292530	251	445	224	574	336	565	253	251	259	685	327	288	550	473	266	433	364	447	85	540	787	475	164	150	272	223	406							
IPI:IPI00019591	392	234	113	198	101	348	445	342	475	643	338	407	391	282	105	353	541	345	614	411	650	496	452	86	311	376	610							
IPI:IPI00426056	1114	362	484	743	352	525	109	141	115	285	177	128	216	513	423	409	517	652	205	411	309	583	200	276	256	156	266							
IPI:IPI00433678	1115	362	483	743	352	522	109	141	115	285	177	128	216	511	423	407	517	652	205	411	309	584	200	274	255	161	263							
IPI:IPI00446534	1117	362	483	743	352	522	109	141	115	285	177	128	216	511	423	407	518	652	205	411	310	584	200	274	254	154	263							
IPI:IPI00439491	1114	362	483	743	354	522	109	141	115	285	177	128	216	511	423	407	517	652	205	411	309	583	200	274	254	156	263							
IPI:IPI00294193	316	283	131	404	206	417	223	246	244	595	375	457	533	472	284	419	443	379	400	469	624	395	208	135	289	273	390							
IPI:IPI00218192	315	283	131	405	206	417	224	246	245	594	374	456	530	472	283	417	441	379	398	468	626	398	208	135	285	272	391							
IPI:IPI00025426	382	310	382	478	291	441	130	155	150	350	153	400	294	227	195	259	746	515	539	379	440	436	218	197	376	377	328							
IPI:IPI00414283	280	780	99	303	223	322	115	161	400	455	194	176	269	196	440	169	187	302	510	530	381	311	56	243	390	512	745							
IPI:IPI00470919	280	778	97	298	220	320	113	161	394	455	190	175	269	191	436	167	182	298	507	520	379	305	56	233	384	506	739							
IPI:IPI00339228	277	774	93	293	218	316	113	159	393	448	194	174	262	192	430	167	187	298	504	525	377	307	53	239	389	511	734							
IPI:IPI00479723	278	770	93	292	220	318	111	157	391	447	192	172	262	195	429	169	187	297	503	520	379	306	53	238	387	507	732							
IPI:IPI00384952	955	310	291	613	290	438	98	120	77	256	142	108	186	436	368	336	442	583	142	357	238	486	136	213	208	124	216							
IPI:IPI00556148	209	219	319	394	186	254	160	222	249	279	154	279	349	277	196	276	314	345	368	367	492	323	173	216	339	302	404							
IPI:IPI00019580	241	158	205	273	148	254	194	209	210	310	168	282	338	214	139	290	262	336	429	287	397	308	116	230	406	354	333							
IPI:IPI00022420	129	181	166	224	56	263	232	218	359	195	198	335	371	221	119	184	136	400	341	413	163	338	361	389	522	282	216							
IPI:IPI00032179	179	148	120	270	124	183	301	271	303	427	144	331	282	115	171	247	166	235	470	345	210	253	33	182	329	369	448							
IPI:IPI00423461	525	291	235	505	247	414	68	98	79	221	102	85	138	358	286	301	429	411	100	289	205	344	105	140	176	297	97							
IPI:IPI00477597	57	168	253	203	171	179	185	243	177	168	141	126	321	147	87	144	326	293	266	121	270	229	741	343	358	181	282							
IPI:IPI00022895	246	181	170	216	109	219	117	178	236	225	149	169	194	175	109	157	209	320	331	327	276	269	300	156	295	248	258							
IPI:IPI00022429	225	147	196	178	164	143	135	151	244	183	134	187	242	336	154	170	192	319	214	302	181	151	568	174	239	272	161							
IPI:IPI00296170	53	157	246	198	164	170	167	230	148	160	133	119	313	143	78	138	317	278	252	111	205	172	657	338	351	174	249							
IPI:IPI00305461	115	165	142	349	87	232	107	92	243	328	240	219	266	183	133	179	153	249	202	315	337	253	168	72	185	199	264							
IPI:IPI00021727	129	128	151	175	87	166	117	103	154	198	152	276	245	223	88	208	191	166	250	236	306	196	122	113	151	168	269							
IPI:IPI00019568	183	161	147	165	108	182	127	129	141	149	145	140	165	144	127	153	150	215	202	194	213	185	181	172	227	229	195							
IPI:IPI00218816	129	239	147	203	56	147	122	145	123	271	79	44	52	108	164	48	112	114	438	76	231	330	204	132	290	261	215							
IPI:IPI00032220	119	125	154	172	120	187	119	102	171	251	163	219	232	171	124	170	123	133	277	107	197	135	72	78	153	145	138							
IPI:IPI00020091	120	166	168	141	98	138	81	113	152	121	86	95	129	229	103	166	146	157	179	165	181	112	309	125	167	231	155							
IPI:IPI00298828	184	69	99	106	62	105	101	106	104	116	62	142	123	76	67	90	104	203	220	240	126	147	334	127	289	352	240							
IPI:IPI00032328	179	47	49	78	26	79	147	130	152	138	76	194	217	63	44	56	100	193	333	202	117	159	143	118	333	263	235							
IPI:IPI00215894	178	47	48	78	26	79	146	128	150	138	76	194	217	63	44	56	100	189	329	195	116	158	143	118	333	259	234							
IPI:IPI00022426	113	92	207	188	68	120	83	91	97	148	90	236	234	201	115	104	134	103	125	93	111	193	172	88	99	79	98							
IPI:IPI00026314	117	39	73	101	47	104	53	104	168	146	89	83	127	83	104	76	125	134	151	157	170	167	50	171	188	255	190							
IPI:IPI00555872	138	138	107	305	159	84	97	180	104	91	100	126	100	105	40	77	74	74	93	151	124	130	52	136	207	113	160							
IPI:IPI00384392	138	138	106	305	159	81	97	180	104	91	100	126	100	103	40	75	74	74	95	152	124	130	52	135	205	111	159							
IPI:IPI00382494	138	138	106	305	159	81	97	180	104	91	100	126	100	103	40	78	74	74	93	151	124	129	52	134	205	111	158							
IPI:IPI00382480	138	138	106	305	159	81	97	180	104	91	100	126	100	103	40	75	74	74	93	151	124	130	52	134	206	111	158							
IPI:IPI00479553	138	138	106	305	159	81	97	180	104	91	100	126	100	103	40	75	74	74	93	151	124	129	53	134	205	111	158							
IPI:IPI00477069	138	138	106	305	159	81	97	180	104	91	100	126	100	103	40	75	74	74	93	151	124	129	52	134	205	111	158							
IPI:IPI00387115	61	121	93	118	79	82	143	108	123	91	81	99	84	83	46	70	61	121	133	191	129	148	53	216	241	183	140							
IPI:IPI00385252	60	114	90	119	75	81	143	108	124	92	78	96	78	80	48	72	68	117	136	188	131	145	48	208	239	181	136							
IPI:IPI00410714	138	155	137	137	96	104	69	175	83	190	152	64	55	46	62	16	43	104	232	77	113	242	132	76	120	136	85							
IPI:IPI00030205	58	127	87	114	76	83	137	110	121	88	76	95	81	81	46	72	51	115	131	195	129	151	46	211	235	175	137							
IPI:IPI00387117	59	113	88	116	74	78	143	107	123	90	78	96	78	78	44	67	59	117	129	182	124	142	48	206	241	178	138							
IPI:IPI00387120	509	67	212	88	61	60	97	98	106	100	58	69	93	50	18	62	39	111	47	97	90	96	95	146	120	165	168							
IPI:IPI00304273	109	110	182	141	75	110	73	91	68	89	78	90	105	63	111	159	274	48	102	93	83	98	53	69	93	171	63							
IPI:IPI00019943	143	89	52	58	18	109	141	81	103	140	83	119	118	86	51	50	95	164	128	113	68	136	121	106	132	172	73							
IPI:IPI00478761	104	108	182	139	73	116	72	89	70	88	79	87	99	62	107	156	270	45	98	91	81	95	48	64	90	169	61							
IPI:IPI00032291	105	71	78	92	72	102	71	80	78	92	72	144	98	106	65	114	110	96	98	89	131	95	53	62	90	75	100							
IPI:IPI00022371	74	65	87	112	73	65	63	77	75	88	59	116	72	74	57	87	109	115	116	111	122	73	98	75	101	119	100							
IPI:IPI00555746	139	58	45	130	53	121	27	29	40	141	68	57	83	122	132	99	56	125	124	124	126	32	39	34	95	120	140							
IPI:IPI00218732	118	54	38	111	47	110	26	27	32	136	68	57	77	114	129	94	53	119	109	111	122	30	37	27	93	105	128							
IPI:IPI00298971	66	43	65	151	38	84	61	58	88	48	32	51	125	102	51	56	76	57	66	56	76	35	61	108	145	95	86							
IPI:IPI00291262	86	60	76	81	31	56	94	51	45	115	47	71	60	50	39	42	57	106	70	68	141	116	89	41	80	75	120							
IPI:IPI00383732	111	69	33	89	78	65	40	54	111	55	33	49	17	53	23	21	117	48	188	114	52	90	62	46	47	141	144							
IPI:IPI00473011	60	164	107	153	37	58	27	37	40	51	41	8	10	79	97	35	88	32	170	24	62	130	50	46	89	108	84							
IPI:IPI00394992	65	47	45	57	41	60	29	38	57	66	54	51	75	58	31	50	42	103	106	151	72	82	69	49	85	79	167							
IPI:IPI00021842	130	29	37	39	45	61	57	72	92	115	77	84	81	46	65	40	47	59	60	89	94	79	20	38	82	87	79							
IPI:IPI00291867	47	56	56	43	51	45	73	83	73	59	61	73	85	53	60	50	80	63	60	88	105	83	72	50	70	60	77							
IPI:IPI00291866	71	25	35	40	28	42	57	60	54	50	45	100	63	35	32	70	90	64	110	94	53	64	71	64	173	111	57							
IPI:IPI00021857	101	50	60	42	40	30	120	35	118	33	72	60	60	35	70	46	53	37	59	80	52	119	37	79	67	106	49							
IPI:IPI00382478	29	43	27	59	41	29	76	120	107	74	32	12	39	46	23	28	18	49	55	103	49	60	33	68	101	73	94							
IPI:IPI00382497	27	40	24	57	41	29	74	119	107	70	32	12	41	46	24	29	16	43	52	98	46	56	30	65	101	72	89							
IPI:IPI00022417	68	29	38	46	23	31	44	32	40	52	31	68	53	81	17	35	49	70	43	55	45	60	93	41	63	58	51							
IPI:IPI00292950	44	36	29	35	33	54	22	39	44	69	38	51	70	28	38	45	62	68	67	48	113	69	22	24	59	35	74							
IPI:IPI00296165	58	30	48	46	36	46	31	33	41	44	32	40	45	40	30	34	48	64	92	77	72	56	36	40	60	59	62							
IPI:IPI00029863	46	21	40	47	29	62	16	28	33	60	45	56	69	73	56	70	69	30	72	72	35	50	29	25	56	41	64							
IPI:IPI00514475	41	28	33	56	19	54	18	38	41	71	34	43	63	44	23	56	45	34	84	54	56	39	19	36	65	54	73							
IPI:IPI00296608	63	26	38	46	21	32	44	55	34	29	37	53	39	35	38	41	47	29	50	35	42	63	50	43	60	81	42							
IPI:IPI00006114	33	51	52	56	32	36	21	36	49	34	34	47	46	55	75	53	54	32	75	39	39	28	20	23	40	50	46							
IPI:IPI00166729	82	24	42	39	18	33	28	25	34	52	37	58	50	37	27	32	33	77	27	44	33	38	76	26	37	75	51							
IPI:IPI00009920	37	34	40	48	13	18	40	36	67	50	28	25	32	29	27	37	45	36	59	65	82	44	22	38	57	58	66							
IPI:IPI00022395	40	34	41	37	32	44	28	22	31	38	21	61	34	52	22	43	46	59	64	45	41	39	54	42	43	51	56							
IPI:IPI00011252	48	19	42	30	17	22	35	42	78	52	26	28	68	22	22	34	26	47	93	32	66	54	14	17	45	54	82							
IPI:IPI00022392	32	0	4	41	6	38	1	1	22	152	8	80	59	39	5	69	75	27	100	46	84	54	0	7	42	40	73							
IPI:IPI00294395	30	27	36	34	33	36	62	47	46	23	26	31	51	41	34	45	31	50	67	37	61	39	12	26	38	26	45							
IPI:IPI00479928	49	21	20	36	24	27	27	30	43	23	23	16	33	20	21	14	15	43	43	37	42	73	22	47	110	47	87							
IPI:IPI00022445	35	30	35	13	27	25	41	74	57	24	34	23	37	17	23	24	35	50	39	31	14	29	35	45	41	75	51							
IPI:IPI00020986	29	20	21	25	26	25	37	28	52	32	22	39	29	17	22	18	20	40	72	44	29	38	26	38	53	52	41							
IPI:IPI00019399	20	19	9	33	18	76	22	21	38	27	19	27	38	68	14	55	61	12	53	28	27	21	33	14	27	20	78							
IPI:IPI00017696	29	16	28	30	18	21	23	26	35	38	20	47	36	25	17	21	20	39	38	51	36	27	25	20	37	34	43							
IPI:IPI00003470	40	21	15	22	21	21	24	20	31	19	19	15	33	15	16	14	15	31	22	24	23	35	17	27	96	27	67							
IPI:IPI00387024	24	14	21	22	22	11	31	21	32	21	9	13	52	10	9	16	12	33	14	33	37	38	15	52	82	25	60							
IPI:IPI00387026	25	13	23	22	22	12	30	15	29	22	9	15	52	10	9	16	11	33	14	29	37	35	16	51	81	25	58							
IPI:IPI00386132	30	21	70	30	30	29	12	12	20	23	20	30	26	33	5	23	21	30	16	27	31	27	28	21	17	15	17							
IPI:IPI00386133	30	21	70	28	28	29	12	12	16	23	18	30	26	32	5	23	21	28	16	25	31	26	28	19	15	15	15							
IPI:IPI00020996	12	24	21	24	10	27	13	10	25	15	22	18	23	30	26	23	16	23	31	31	35	19	8	20	29	21	31							
IPI:IPI00028413	20	8	16	28	11	23	14	8	13	32	11	47	13	15	14	18	37	32	37	42	40	32	17	2	12	14	31							
IPI:IPI00385143	33	17	66	23	24	21	12	10	15	18	16	27	24	27	5	19	18	24	12	22	30	23	27	16	13	11	14							
IPI:IPI00303963	31	17	22	18	23	20	26	14	16	20	16	23	26	14	30	26	28	20	15	26	28	14	6	17	22	17	23							
IPI:IPI00396348	17	19	8	12	13	24	8	11	24	26	35	23	37	30	28	24	23	25	22	23	32	18	6	10	19	18	20							
IPI:IPI00025204	24	3	8	34	10	15	14	5	9	51	24	22	13	14	19	20	11	19	28	40	48	18	5	23	19	21	24							
IPI:IPI00218746	10	11	11	20	18	26	11	7	22	31	15	21	10	28	27	13	17	16	22	38	26	19	15	16	23	24	10							
IPI:IPI00021856	57	5	6	1	2	54	5	6	7	14	9	72	72	25	11	32	49	10	7	15	2	5	7	8	8	3	8							
IPI:IPI00163446	24	28	20	19	37	12	3	47	20	13	0	15	22	24	0	41	10	35	8	16	20	13	15	24	7	12	14							
IPI:IPI00023014	30	28	11	19	11	15	5	5	6	21	6	26	14	27	24	8	14	45	14	30	29	23	10	19	15	12	27							
IPI:IPI00479116	21	21	9	20	23	19	8	5	9	20	13	25	27	29	16	19	16	13	36	17	21	28	15	10	14	16	21							
IPI:IPI00384401	16	13	12	20	13	3	8	15	9	35	10	5	5	6	27	7	9	60	16	15	21	9	17	42	13	10	64							
IPI:IPI00296537	31	8	6	20	6	16	15	9	14	12	6	19	17	13	9	14	22	38	18	28	26	36	13	17	13	25	24							
IPI:IPI00296099	24	2	15	13	7	12	23	21	25	14	3	10	26	8	13	22	17	35	20	10	25	24	5	10	32	34	24							
IPI:IPI00019581	9	13	53	19	24	22	7	9	24	11	28	12	17	16	15	15	18	12	16	30	15	17	7	10	17	11	20							
IPI:IPI00023019	35	3	0	8	8	8	11	11	14	16	5	40	13	4	3	1	7	36	29	33	18	41	15	15	30	33	20							
IPI:IPI00027482	26	7	7	17	4	18	4	2	3	18	4	26	23	18	5	21	37	35	27	31	35	38	9	4	14	8	14							
IPI:IPI00299503	28	13	2	31	1	14	14	5	12	21	10	38	32	14	5	13	10	12	22	24	17	16	17	8	13	26	32							
IPI:IPI00385985	13	14	8	8	8	15	10	7	8	25	8	4	9	9	10	24	7	10	17	15	12	35	10	28	40	71	24							
IPI:IPI00384407	7	9	3	17	14	7	26	9	15	32	4	13	7	9	13	8	4	18	32	15	27	58	10	21	21	19	23							
IPI:IPI00296534	30	10	6	14	4	14	15	9	9	12	3	20	10	16	9	10	20	33	18	22	24	36	12	14	10	25	23							
IPI:IPI00008558	14	13	10	14	5	17	7	8	17	8	10	12	16	8	11	16	7	25	23	16	32	18	8	12	26	27	26							
IPI:IPI00384391	16	7	23	19	11	15	7	18	16	9	2	19	1	13	3	22	3	21	17	17	18	23	18	26	13	18	20							
IPI:IPI00552981	27	9	6	12	4	10	15	9	9	12	3	16	7	16	7	8	16	32	17	18	24	34	11	14	9	23	23							
IPI:IPI00384409	5	9	1	17	10	5	24	8	14	30	4	15	5	8	13	8	2	17	27	14	23	52	8	21	16	14	19							
IPI:IPI00384406	14	7	23	22	12	16	9	16	14	12	2	18	1	11	6	20	5	17	18	14	18	17	18	27	13	12	23							
IPI:IPI00382436	27	15	7	21	4	9	9	11	13	14	12	4	11	6	13	8	15	17	16	17	16	21	18	17	23	15	20							
IPI:IPI00009028	16	13	9	15	7	13	16	13	14	17	10	13	12	6	15	8	15	19	10	18	12	14	22	14	20	13	22							
IPI:IPI00011261	7	8	24	13	13	17	20	15	14	8	18	14	22	15	9	20	13	13	22	12	12	17	8	13	12	6	11							
IPI:IPI00007240	8	9	8	9	6	17	14	6	25	11	4	11	15	8	6	8	3	25	15	19	35	29	4	23	17	13	23							
IPI:IPI00011264	9	3	12	10	7	12	3	7	12	11	5	15	17	8	11	14	16	7	29	15	33	9	12	14	23	24	29							
IPI:IPI00387111	28	8	9	4	14	13	11	3	41	9	6	10	13	3	5	11	5	18	11	22	12	25	16	7	23	19	20							
IPI:IPI00023217	9	32	20	17	26	24	1	0	0	5	6	18	16	18	17	25	26	29	2	14	33	10	10	0	2	0	3							
IPI:IPI00294004	9	15	17	10	11	13	9	8	12	10	13	22	16	15	20	18	15	15	8	13	12	11	7	16	14	16	17							
IPI:IPI00007852	20	7	7	9	10	10	7	5	24	17	1	8	13	6	2	6	4	11	18	31	34	29	5	7	21	17	32							
IPI:IPI00552578	0	0	21	3	1	11	4	1	0	0	2	2	1	181	9	4	18	2	6	2	4	2	63	0	15	4	0							
IPI:IPI00022446	12	7	15	12	12	17	11	13	14	15	9	16	22	12	10	12	10	17	14	14	13	11	10	5	13	23	13							
IPI:IPI00184598	3	12	10	10	14	19	8	8	20	10	10	18	15	10	12	17	13	13	14	15	13	12	9	20	21	11	10							
IPI:IPI00452748	1	0	19	3	1	8	1	2	0	0	2	4	4	188	7	3	29	0	4	1	5	3	54	0	3	2	1							
IPI:IPI00178926	12	16	10	32	13	12	6	2	3	7	11	13	12	12	17	16	15	9	16	9	25	10	5	14	12	10	12							
IPI:IPI00387097	19	1	3	8	4	1	21	10	23	9	5	0	0	2	2	1	1	23	6	25	17	31	10	27	30	28	23							
IPI:IPI00006662	18	6	7	5	6	13	15	13	14	16	2	11	15	4	5	6	6	14	18	6	10	17	12	17	26	25	22							
IPI:IPI00026195	13	8	6	11	7	5	10	2	28	9	5	5	14	6	3	6	4	26	15	27	20	31	13	10	17	10	14							
IPI:IPI00022368	1	0	17	3	1	8	2	2	0	0	2	4	3	174	7	3	26	0	4	3	5	2	47	0	3	2	1							
IPI:IPI00006146	0	0	17	3	1	8	1	1	0	0	2	2	1	179	7	2	22	0	4	0	2	2	49	0	3	2	0							
IPI:IPI00022295	10	6	13	10	11	16	10	12	11	15	8	16	18	8	9	10	8	13	10	13	12	11	8	4	14	19	12							
IPI:IPI00003111	25	8	7	3	6	4	5	4	22	5	4	8	13	1	4	5	1	17	17	22	16	42	6	7	20	10	20							
IPI:IPI00387110	3	10	3	16	6	10	7	1	9	3	5	14	16	18	7	9	16	14	16	20	7	14	7	10	21	14	26							
IPI:IPI00021885	26	18	4	1	4	10	5	6	6	8	3	17	12	17	6	11	23	15	8	18	13	11	4	11	20	12	12							
IPI:IPI00552385	13	10	6	22	7	4	9	10	9	13	8	21	8	13	5	5	3	8	16	9	19	10	10	12	12	16	17							
IPI:IPI00010295	6	7	3	6	4	9	9	9	6	20	19	12	17	10	4	15	12	13	20	10	9	18	4	3	12	11	16							
IPI:IPI00556567	10	6	8	11	16	19	2	5	12	18	7	13	12	13	12	6	11	8	14	19	15	5	3	7	5	2	23							
IPI:IPI00383808	14	6	5	10	6	6	13	6	15	8	4	11	10	7	2	6	8	16	6	11	9	15	9	21	12	13	18							
IPI:IPI00032311	8	7	11	11	15	10	9	8	11	11	5	10	4	32	8	6	13	4	16	5	9	4	15	1	12	8	12							
IPI:IPI00295684	4	0	7	0	3	2	13	14	32	13	10	5	3	4	3	1	0	25	8	10	1	12	10	12	14	31	20							
IPI:IPI00023673	15	3	2	1	2	2	15	9	4	23	4	8	14	2	9	3	14	20	17	17	14	15	14	4	8	5	9							
IPI:IPI00387106	11	8	4	11	4	7	9	4	11	5	6	5	4	7	8	10	9	10	14	8	14	14	14	7	9	26	13							
IPI:IPI00419453	6	0	1	6	5	5	3	3	16	6	1	2	10	5	4	5	1	14	26	32	23	15	3	11	10	10	23							
IPI:IPI00026175	11	4	4	3	6	5	11	4	28	11	5	8	5	4	3	5	4	18	13	15	9	22	13	5	11	11	7							
IPI:IPI00514982	9	0	6	12	2	5	3	8	9	3	3	1	0	5	4	1	0	9	22	13	16	32	5	19	17	19	16							
IPI:IPI00479883	21	6	6	6	8	2	6	8	19	7	1	7	13	1	5	5	2	9	9	13	12	20	5	5	10	12	16							
IPI:IPI00385059	4	4	4	8	6	5	1	2	12	4	2	4	3	8	3	2	3	13	45	15	13	18	2	8	13	26	5							
IPI:IPI00387107	11	4	4	3	6	5	8	2	26	9	5	5	5	3	4	5	4	18	10	15	9	23	13	5	13	9	7							
IPI:IPI00025862	5	6	7	12	8	11	8	4	6	8	10	9	10	8	7	5	6	7	20	6	16	4	3	9	18	6	11							
IPI:IPI00384397	11	4	4	3	6	5	8	2	26	9	5	5	5	6	3	5	4	18	10	15	9	22	13	5	11	9	7							
IPI:IPI00022394	15	4	4	18	6	4	7	9	9	5	6	27	5	11	2	4	5	7	13	6	12	6	9	8	8	9	9							
IPI:IPI00556624	2	5	12	2	1	2	10	11	33	7	9	4	5	10	9	3	1	13	6	12	2	10	0	11	12	21	14							
IPI:IPI00029168	2	6	3	3	6	26	2	2	11	3	3	17	6	4	3	10	8	19	12	15	8	7	5	14	15	7	7							
IPI:IPI00029260	7	5	15	6	7	10	6	7	3	7	4	15	15	12	6	13	14	6	9	9	8	7	2	4	11	9	6							
IPI:IPI00041065	11	5	3	5	2	4	4	10	7	6	8	8	8	9	2	9	9	16	2	12	14	9	6	16	17	10	10							
IPI:IPI00478809	7	9	6	6	5	3	3	0	9	10	3	20	9	8	9	10	4	11	15	9	12	12	1	4	7	9	13							
IPI:IPI00162735	7	3	2	6	7	6	19	7	8	7	3	9	8	3	5	4	4	14	18	18	12	8	5	6	5	9	6							
IPI:IPI00003590	5	4	7	12	2	9	6	8	3	5	7	14	9	8	4	9	13	20	9	12	3	11	5	5	7	5	6							
IPI:IPI00007884	5	2	1	6	4	3	6	5	6	1	4	0	0	0	2	5	1	11	17	17	13	14	4	28	21	18	13							
IPI:IPI00022391	3	5	8	11	7	4	7	6	7	7	4	8	8	8	5	6	9	9	14	2	12	5	6	8	14	12	12							
IPI:IPI00386131	13	2	1	3	4	2	5	5	10	5	6	1	0	0	2	2	0	10	18	21	14	15	3	25	17	16	7							
IPI:IPI00026199	12	11	4	7	5	9	3	4	11	3	5	11	4	6	5	8	9	6	16	6	6	10	6	11	5	7	13							
IPI:IPI00292946	6	2	3	23	1	11	5	9	7	18	9	7	7	7	5	1	2	6	7	8	10	7	3	2	7	16	13							
IPI:IPI00386839	6	1	0	2	0	6	5	7	12	10	3	6	5	1	1	2	0	19	10	9	15	25	3	11	14	18	9							
IPI:IPI00398220	19	5	5	3	6	6	3	2	14	4	0	4	9	4	3	7	1	5	3	16	11	17	6	8	9	11	18							
IPI:IPI00329775	6	6	5	4	1	9	7	5	9	8	7	8	7	5	1	2	11	12	11	14	7	13	7	5	11	11	6							
IPI:IPI00382540	4	4	1	6	5	4	0	2	9	3	0	2	3	3	3	2	2	12	42	12	10	15	2	7	10	24	5							
IPI:IPI00383111	4	0	5	0	3	2	8	8	22	7	4	4	3	2	2	1	0	14	8	10	1	12	10	10	10	24	11							
IPI:IPI00019359	1	1	0	0	1	0	11	18	32	12	6	0	3	9	2	0	0	3	6	15	1	7	0	8	19	21	5							
IPI:IPI00382500	12	11	8	11	10	8	6	6	4	5	3	4	4	12	3	9	6	10	1	3	10	6	2	8	8	7	3							
IPI:IPI00419442	6	0	0	1	0	8	2	5	14	9	3	4	4	0	0	2	0	15	10	7	16	20	2	10	14	19	9							
IPI:IPI00514397	7	1	1	4	2	6	10	3	7	5	5	11	10	6	2	6	7	10	8	7	10	11	7	8	8	5	10							
IPI:IPI00384398	19	8	5	3	8	4	3	1	15	1	0	7	10	5	4	7	1	2	2	8	8	8	3	7	11	9	16							
IPI:IPI00003469	19	6	7	2	9	5	4	4	13	2	0	5	10	0	4	5	2	1	8	6	10	5	4	5	9	9	19							
IPI:IPI00028030	5	0	2	1	2	1	9	3	7	5	5	0	11	2	4	1	3	14	9	17	6	19	0	12	14	12	7							
IPI:IPI00018219	18	3	3	1	2	1	0	3	4	15	0	1	0	3	3	4	0	14	17	10	15	17	0	0	4	11	19							
IPI:IPI00382481	2	8	7	4	9	0	3	7	10	10	9	1	7	5	2	1	1	7	13	16	3	6	1	15	4	10	7							
IPI:IPI00384402	4	9	1	6	4	4	2	3	7	3	4	1	0	4	5	9	1	10	10	23	13	13	3	7	10	4	6							
IPI:IPI00382499	7	5	0	11	6	2	2	6	10	4	6	3	4	6	3	6	4	10	8	12	6	15	3	9	4	10	3							
IPI:IPI00386136	6	0	0	1	0	6	2	4	11	9	3	4	4	0	0	0	0	15	9	7	13	19	2	8	12	16	10							
IPI:IPI00387116	2	9	1	6	4	4	0	3	7	3	3	1	0	4	4	7	1	10	10	14	11	13	1	9	15	11	7							
IPI:IPI00030739	7	1	1	3	2	6	10	3	9	3	5	8	8	5	2	3	5	8	6	6	9	10	5	8	7	5	10							
IPI:IPI00019579	8	4	8	11	1	7	4	6	1	8	3	8	12	6	10	3	6	10	1	9	3	9	5	4	3	3	1							
IPI:IPI00387022	20	5	5	1	6	2	6	3	14	1	0	6	9	1	3	3	1	0	3	5	9	7	5	4	9	7	18							
IPI:IPI00045547	1	3	1	8	4	2	6	6	3	2	3	3	5	4	5	3	5	10	14	4	14	7	3	13	7	13	3							
IPI:IPI00218413	4	4	4	3	5	3	5	6	3	6	1	6	7	3	2	3	6	8	18	9	3	1	2	4	11	13	12							
IPI:IPI00387101	18	6	7	2	9	3	6	1	13	0	1	4	10	0	2	3	1	0	1	8	10	9	6	4	10	5	13							
IPI:IPI00418422	5	10	4	3	19	0	1	30	7	2	0	0	7	3	0	17	0	5	1	3	5	0	6	13	1	0	9							
IPI:IPI00478600	4	0	3	9	4	8	16	8	7	4	2	5	3	1	2	6	3	9	3	14	8	11	4	2	3	1	4							
IPI:IPI00025864	4	5	1	8	4	10	3	3	5	4	3	3	5	4	3	3	5	8	8	8	10	7	6	6	4	6	6							
IPI:IPI00024138	2	5	1	3	3	6	5	3	2	6	4	2	7	6	2	6	5	12	4	9	6	8	5	5	5	5	6							
IPI:IPI00418262	11	1	3	3	0	5	0	0	2	6	2	5	8	8	0	1	2	20	2	15	4	15	10	1	5	3	1							
IPI:IPI00005439	3	3	0	5	0	4	2	1	6	3	5	14	4	7	6	6	1	7	2	13	0	7	15	3	6	2	5							
IPI:IPI00021817	2	8	3	4	3	7	1	5	9	3	3	3	4	4	3	8	5	7	5	8	7	6	0	7	4	7	4							
IPI:IPI00242956	7	4	0	0	2	2	4	1	1	9	0	12	6	0	4	4	7	12	3	5	12	9	0	2	0	7	13							
IPI:IPI00006154	3	1	4	4	2	4	2	0	3	3	3	11	10	5	3	10	9	4	2	5	12	2	5	2	6	3	7							
IPI:IPI00292218	13	1	3	3	0	1	1	5	3	8	0	5	7	4	0	1	6	8	6	12	8	7	2	3	10	7	0							
IPI:IPI00387105	5	7	5	4	3	2	1	2	7	4	8	0	0	3	4	3	4	7	1	9	9	5	4	5	4	9	3							
IPI:IPI00024825	0	7	2	2	4	2	1	0	11	9	2	8	3	4	6	3	4	4	8	3	5	3	2	2	7	6	7							
IPI:IPI00029061	2	4	2	5	2	5	4	4	2	2	6	3	4	7	4	3	7	6	5	7	4	5	2	5	6	4	5							
IPI:IPI00387119	5	3	1	9	3	3	5	1	3	7	2	0	3	2	0	2	2	14	10	4	5	6	5	6	2	3	4							
IPI:IPI00385614	17	3	5	1	6	2	2	1	11	0	0	4	8	0	2	3	1	0	2	4	3	2	3	3	8	5	13							
IPI:IPI00382488	0	8	9	10	5	12	0	4	4	2	0	0	0	10	9	11	12	3	0	2	0	3	0	2	0	2	0							
IPI:IPI00387027	17	3	5	1	6	2	2	2	11	0	0	4	8	0	2	3	1	0	0	4	3	2	3	2	8	5	13							
IPI:IPI00387094	17	3	5	1	6	2	2	1	11	0	0	4	8	0	2	3	1	0	0	4	3	3	3	2	8	5	13							
IPI:IPI00387099	17	3	5	1	6	2	2	1	11	0	1	4	8	0	2	3	1	0	0	4	3	2	3	2	8	5	13							
IPI:IPI00387025	17	3	5	1	6	2	2	1	11	0	0	4	8	0	2	3	1	0	0	4	3	2	3	2	8	5	13							
IPI:IPI00029193	5	0	4	6	0	4	5	0	5	4	3	6	3	1	2	1	1	5	8	7	11	5	4	2	1	5	7							
IPI:IPI00396929	5	4	4	11	5	4	2	0	3	2	1	1	0	4	3	4	1	5	6	4	5	6	5	5	3	5	6							
IPI:IPI00020019	10	0	2	1	1	2	1	0	1	2	0	3	2	2	2	4	6	13	3	8	8	27	1	0	0	0	4							
IPI:IPI00384400	2	4	11	8	4	2	3	1	2	4	0	0	0	2	3	2	3	7	5	5	4	3	3	8	5	3	7							
IPI:IPI00454933	3	11	6	6	4	10	0	0	1	4	6	6	7	10	6	5	9	0	0	1	3	0	0	1	0	1	1							
IPI:IPI00256861	6	2	1	3	4	2	4	6	5	2	4	2	3	1	3	0	6	5	5	5	9	4	0	2	4	4	8							
IPI:IPI00432363	6	2	1	3	4	2	4	6	5	2	4	2	3	1	3	0	6	5	5	5	9	4	0	2	4	4	8							
IPI:IPI00021855	11	0	4	2	3	6	3	0	4	0	1	4	11	1	5	0	4	6	3	3	1	0	7	6	9	1	4							
IPI:IPI00480119	3	3	1	1	2	4	3	2	3	4	4	3	2	4	2	1	0	6	7	7	6	5	5	2	10	5	3							
IPI:IPI00220813	6	0	1	3	1	0	6	3	3	4	0	2	3	0	1	1	3	6	9	8	4	9	2	4	6	7	4							
IPI:IPI00419630	1	3	2	5	5	2	13	4	9	3	2	8	6	0	1	1	0	0	1	3	0	3	0	10	6	2	3							
IPI:IPI00015916	3	2	2	3	0	3	4	6	1	1	4	6	2	3	3	3	6	10	2	5	2	7	2	2	3	4	1							
IPI:IPI00006543	2	0	3	2	2	2	0	2	4	7	1	6	4	2	5	4	4	2	6	3	5	5	2	2	5	4	3							
IPI:IPI00010471	2	1	0	2	2	2	3	5	5	3	4	2	2	2	1	1	3	5	7	3	6	7	0	1	6	1	11							
IPI:IPI00552852	5	0	1	9	3	0	5	3	2	3	3	1	5	1	3	2	1	7	2	2	8	3	0	4	3	6	4							
IPI:IPI00215983	6	9	6	6	0	6	1	1	2	8	2	3	2	1	7	0	1	0	5	0	0	7	0	2	3	5	2							
IPI:IPI00021304	2	0	0	0	3	0	6	3	13	6	1	0	0	0	2	0	0	4	5	5	0	9	2	6	3	7	6							
IPI:IPI00299307	0	3	2	1	2	3	4	2	7	5	0	4	4	0	0	6	9	6	0	2	6	5	0	0	5	3	4							
IPI:IPI00004656	7	2	4	2	0	3	0	0	2	6	2	3	4	3	2	0	2	6	6	6	1	4	2	1	4	5	3							
IPI:IPI00413194	0	4	41	6	0	1	0	0	0	0	1	0	0	5	3	0	0	3	3	3	0	2	2	1	1	0	3							
IPI:IPI00328550	4	0	2	0	2	1	5	3	4	0	5	0	3	2	4	1	2	1	6	6	4	4	0	5	5	6	2							
IPI:IPI00161229	2	0	1	4	0	2	3	1	1	3	0	1	0	2	4	1	0	8	4	7	8	9	0	1	3	3	6							
IPI:IPI00387096	1	4	3	1	1	1	4	1	4	1	5	4	1	4	1	6	2	6	1	2	4	3	0	5	4	3	2							
IPI:IPI00387095	1	0	0	4	1	0	0	1	9	1	0	0	0	0	0	0	0	4	0	8	7	12	4	5	11	2	3							
IPI:IPI00220706	1	2	4	9	2	4	1	4	3	4	2	0	0	0	0	1	0	1	12	0	5	6	4	0	3	1	3							
IPI:IPI00552267	4	0	0	1	0	1	1	1	3	3	3	0	3	0	2	0	3	3	2	3	5	7	6	5	7	4	5							
IPI:IPI00419517	2	2	2	5	4	2	1	0	3	2	0	0	2	2	2	2	2	1	6	3	2	3	4	2	7	4	5							
IPI:IPI00006173	2	3	0	4	4	0	1	4	3	2	2	0	1	5	3	2	2	4	5	2	5	4	2	1	2	4	2							
IPI:IPI00216588	1	0	1	2	2	2	0	0	2	2	0	4	2	6	0	1	4	5	2	2	7	3	0	2	4	7	8							
IPI:IPI00022331	3	1	1	2	1	1	0	1	3	0	0	1	4	5	0	2	1	1	4	3	4	3	3	3	6	5	10							
IPI:IPI00032293	2	1	2	2	1	2	4	4	4	3	3	3	3	0	2	2	0	4	3	3	2	2	2	3	2	4	4							
IPI:IPI00007199	1	2	3	1	0	1	4	0	0	2	0	5	7	8	3	1	2	3	3	2	5	3	3	1	5	0	1							
IPI:IPI00019576	0	1	0	2	0	3	4	2	5	5	3	0	3	3	1	1	3	3	0	2	0	4	4	2	6	4	3							
IPI:IPI00021364	0	1	1	1	0	1	0	0	2	4	3	0	1	4	2	2	7	1	0	7	3	5	0	0	0	7	11							
IPI:IPI00021439	1	0	0	0	1	2	0	2	3	0	0	2	1	0	2	1	1	6	0	3	2	12	5	4	5	3	5							
IPI:IPI00027350	2	0	4	3	2	2	2	2	4	5	3	0	2	2	2	0	0	3	4	1	2	4	2	2	2	3	3							
IPI:IPI00296176	1	2	1	1	1	2	1	2	4	2	0	3	4	1	0	0	0	1	10	2	2	3	3	4	4	4	3							
IPI:IPI00387113	0	0	0	0	0	0	1	0	1	0	1	0	1	0	0	0	0	5	10	6	7	7	0	4	12	3	3							
IPI:IPI00384404	2	1	2	4	2	2	2	3	3	2	1	2	0	3	2	4	0	2	0	3	5	7	0	2	2	1	2							
IPI:IPI00385253	1	0	0	1	3	0	3	1	3	1	2	0	0	0	0	2	1	4	4	5	0	3	2	8	9	3	3							
IPI:IPI00142768	1	2	2	2	1	1	1	2	0	2	2	2	3	2	2	1	3	2	2	10	2	2	3	1	0	4	3							
IPI:IPI00290283	0	3	0	1	2	3	3	3	6	4	0	3	2	0	0	2	5	3	0	3	4	2	0	0	4	2	3							
IPI:IPI00022733	2	0	2	0	2	6	2	3	2	4	0	2	2	0	2	2	6	5	0	4	5	2	0	0	0	1	3							
IPI:IPI00004373	2	2	3	0	3	2	0	0	3	3	0	8	0	1	1	3	7	0	4	1	3	0	2	0	5	1	2							
IPI:IPI00007899	0	0	2	1	2	4	2	2	3	2	1	0	0	3	2	2	0	1	2	5	0	6	0	4	3	6	2							
IPI:IPI00027507	2	1	0	1	1	1	0	0	2	1	1	2	1	1	0	0	2	3	2	3	2	2	6	2	6	7	6							
IPI:IPI00031131	7	2	1	3	1	1	1	1	1	1	3	3	0	0	0	2	0	0	3	4	3	3	4	0	6	1	2							
IPI:IPI00395488	2	0	1	1	2	0	1	2	2	3	2	1	5	0	1	1	0	4	4	4	2	3	2	1	0	6	3							
IPI:IPI00023006	0	2	0	2	1	3	0	3	2	1	0	3	2	0	2	2	0	4	1	2	3	9	3	3	2	0	2							
IPI:IPI00382422	5	1	0	1	1	1	0	0	4	3	4	3	5	0	0	1	1	2	0	5	1	4	1	1	3	4	1							
IPI:IPI00298497	13	1	0	0	0	0	0	0	1	0	0	18	0	0	0	0	3	7	0	3	0	4	0	0	0	1	0							
IPI:IPI00384399	4	0	1	5	2	0	3	2	2	3	3	0	2	0	2	2	1	3	1	2	2	2	0	2	1	2	2							
IPI:IPI00012792	4	2	0	2	0	2	2	3	4	2	0	3	3	1	0	0	2	2	1	3	0	2	0	1	0	6	2							
IPI:IPI00013438	0	1	0	4	2	1	2	1	1	0	2	0	0	2	2	4	2	2	1	2	1	2	2	2	5	4	0							
IPI:IPI00382486	0	1	2	5	4	2	0	0	2	0	0	0	2	2	4	4	1	0	2	0	1	0	0	4	5	2	2							
IPI:IPI00297550	2	3	0	0	0	1	0	2	0	1	2	3	2	1	7	1	2	4	2	3	0	4	0	2	2	0	0							
IPI:IPI00217471	1	2	4	3	2	0	1	6	2	3	1	0	0	0	0	1	0	1	5	0	2	2	4	0	1	1	1							
IPI:IPI00018305	0	0	0	0	0	3	1	2	1	5	0	0	4	0	2	2	0	1	1	1	6	6	2	2	1	0	2							
IPI:IPI00007221	0	0	2	2	4	2	1	2	4	1	4	2	2	0	2	3	2	1	1	2	0	0	0	3	1	0	0							
IPI:IPI00382442	1	1	0	0	3	1	0	0	0	1	0	0	0	0	0	4	1	0	0	0	0	4	0	1	10	12	1							
IPI:IPI00455473	0	5	2	9	0	2	0	2	0	0	0	0	0	2	5	1	3	0	2	2	0	2	0	2	0	0	0							
IPI:IPI00382476	2	2	0	0	1	0	0	0	2	1	0	0	0	0	1	0	2	3	4	2	1	3	2	2	2	3	5							
IPI:IPI00552943	0	0	0	0	1	1	2	1	1	2	0	0	0	0	1	0	0	1	5	1	1	1	2	3	4	9	2							
IPI:IPI00003351	3	2	1	0	0	1	2	0	0	2	0	0	0	2	4	1	1	1	4	0	0	3	3	0	3	3	1							
IPI:IPI00007893	1	2	1	0	0	2	0	2	1	0	0	1	0	0	0	0	0	0	2	0	3	5	0	4	2	6	2							
IPI:IPI00470652	0	2	0	6	2	0	0	0	3	0	0	0	0	1	2	2	0	0	5	1	0	2	2	2	2	1	1							
IPI:IPI00027410	0	0	0	0	0	1	0	0	1	1	0	1	4	0	0	7	2	0	3	0	0	0	0	0	3	6	4							
IPI:IPI00007461	3	2	0	2	1	3	0	2	0	1	0	0	1	2	0	1	2	3	1	2	1	1	1	0	0	1	2							
IPI:IPI00333234	0	0	0	0	0	0	1	1	0	1	0	0	0	0	0	0	0	6	1	5	5	10	1	0	0	0	1							
IPI:IPI00387098	5	0	0	3	2	2	1	0	0	0	0	0	0	0	0	1	0	2	1	2	5	0	3	0	0	0	4							
IPI:IPI00470653	0	0	0	2	1	4	0	1	0	0	0	0	0	2	0	4	1	1	2	1	0	4	2	1	1	2	1							
IPI:IPI00479981	0	0	0	0	0	0	1	1	0	1	0	0	0	1	0	0	0	3	1	6	5	9	1	0	0	0	1							
IPI:IPI00001611	1	2	2	2	0	1	4	2	2	1	0	0	1	0	0	1	0	1	3	0	0	1	0	2	2	0	1							
IPI:IPI00009793	1	0	0	2	1	0	2	0	2	0	0	0	0	2	0	0	0	1	3	2	3	3	1	2	2	0	2							
IPI:IPI00293748	2	0	0	0	0	0	2	0	3	2	2	0	2	1	0	0	0	0	2	6	0	1	0	2	3	1	0							
IPI:IPI00025276	2	3	0	0	0	0	0	2	0	1	1	0	0	0	1	0	0	4	0	3	4	0	0	1	1	3	2							
IPI:IPI00028553	4	0	0	0	0	0	1	0	2	3	0	0	1	0	0	0	0	0	4	3	2	0	0	2	3	3	0							
IPI:IPI00550363	0	0	0	0	0	1	10	0	1	0	0	3	0	0	0	2	0	5	0	0	0	3	1	0	2	0	0							
IPI:IPI00218795	2	0	1	0	0	0	3	2	1	0	0	1	0	0	0	0	0	3	0	3	2	0	1	1	5	2	0							
IPI:IPI00003269	0	0	0	0	1	2	0	2	0	0	0	2	1	0	1	1	0	2	0	2	1	4	2	1	2	0	2							
IPI:IPI00219713	7	0	0	0	0	0	0	0	0	0	0	3	0	0	0	0	0	4	0	6	0	1	0	0	1	4	0							
IPI:IPI00385683	0	1	1	1	3	2	0	0	2	1	0	0	0	3	0	2	0	1	2	2	0	2	0	1	2	0	0							
IPI:IPI00006969	2	0	1	0	0	0	2	0	0	2	0	0	0	0	2	0	0	1	4	0	0	3	3	0	3	1	1							
IPI:IPI00399193	0	0	1	0	0	3	2	0	0	0	0	0	0	3	0	2	0	1	2	0	0	1	0	4	2	2	2							
IPI:IPI00022462	0	0	0	0	2	0	0	1	0	0	0	0	0	4	0	0	0	5	0	7	0	2	0	0	0	1	2							
IPI:IPI00477452	0	0	2	0	0	3	0	0	0	1	0	0	0	3	0	2	0	2	0	0	1	2	0	2	2	2	2							
IPI:IPI00479403	1	0	0	0	0	0	0	2	3	2	0	0	0	0	6	0	0	0	0	2	0	3	0	2	1	0	2							
IPI:IPI00555900	0	0	0	0	1	2	0	2	0	0	0	2	1	0	1	1	0	2	0	2	1	2	2	1	2	0	2							
IPI:IPI00007960	1	0	0	0	0	1	0	0	0	5	0	1	0	0	0	0	0	1	0	2	3	3	0	0	0	2	4							
IPI:IPI00219910	0	1	1	2	2	2	3	2	1	1	1	0	0	0	2	1	0	0	2	1	0	1	0	0	0	0	0							
IPI:IPI00382474	0	0	0	1	1	0	0	1	0	5	0	0	0	0	0	2	1	0	3	1	0	3	0	1	0	3	1							
IPI:IPI00413009	0	1	2	1	0	6	1	0	0	2	0	5	2	0	0	1	0	0	0	2	0	0	0	0	0	0	0							
IPI:IPI00376747	0	0	1	0	1	0	0	0	0	0	0	2	3	1	0	3	2	1	1	0	2	2	0	0	2	1	0							
IPI:IPI00301143	1	0	0	1	0	2	0	0	0	2	0	2	1	3	1	0	2	0	1	2	1	2	0	0	0	0	0							
IPI:IPI00003947	0	0	0	1	1	1	2	2	2	0	0	2	0	0	0	1	1	3	1	0	2	0	0	0	0	0	1							
IPI:IPI00012503	1	2	1	1	0	1	2	1	0	0	0	0	0	2	0	0	0	1	3	0	0	0	3	1	0	1	0							
IPI:IPI00171678	1	0	0	3	0	0	0	0	0	0	0	0	3	0	0	0	2	1	0	4	1	0	0	1	1	0	3							
IPI:IPI00219824	1	2	1	1	0	1	2	1	0	0	0	0	0	2	0	0	0	1	3	0	0	0	3	1	0	1	0							
IPI:IPI00220701	0	0	0	0	0	1	0	0	2	3	0	0	0	0	0	0	2	0	1	1	1	2	0	1	1	1	4							
IPI:IPI00299738	0	0	0	0	0	0	0	2	1	1	0	0	2	1	0	1	2	1	0	3	0	0	0	1	2	3	0							
IPI:IPI00301894	0	0	1	1	0	0	0	0	0	5	1	1	1	1	0	0	0	0	0	1	6	1	0	0	0	1	0							
IPI:IPI00219678	0	0	0	0	1	0	1	2	3	0	0	1	2	0	0	0	0	2	0	2	0	2	0	0	1	2	0							
IPI:IPI00306378	0	0	0	0	0	0	1	1	2	1	0	3	2	0	0	1	0	3	0	0	1	2	0	0	1	0	1							
IPI:IPI00478997	1	0	0	0	1	0	0	0	0	2	0	0	0	0	1	3	1	3	1	1	1	2	0	0	1	1	0							
IPI:IPI00005859	1	0	0	0	0	0	0	2	3	2	0	0	0	0	2	0	0	0	0	2	0	3	0	2	0	0	0							
IPI:IPI00241841	1	0	0	0	0	0	0	2	3	2	0	0	0	0	2	0	0	0	0	2	0	3	0	2	0	0	0							
IPI:IPI00020546	0	2	1	2	3	1	0	1	0	0	1	1	0	0	1	1	1	0	0	0	0	0	0	1	0	0	0							
IPI:IPI00022389	0	0	1	0	1	0	0	0	0	0	0	0	0	14	0	0	0	0	0	0	0	0	0	0	0	0	0							
IPI:IPI00022479	0	0	1	0	0	2	0	1	0	2	1	0	0	0	0	2	1	1	0	0	0	0	1	2	0	0	2							
IPI:IPI00027827	0	0	0	0	0	0	0	0	0	0	7	1	0	0	0	0	0	0	0	0	1	0	2	3	2	0	0							
IPI:IPI00382482	0	0	7	3	0	0	0	0	0	0	0	0	0	0	0	0	0	2	0	0	2	0	0	0	0	0	2							
IPI:IPI00004573	2	0	0	0	0	0	1	0	3	0	0	0	0	0	1	0	2	0	0	0	0	1	0	0	1	2	2							
IPI:IPI00008554	0	0	0	0	0	0	0	1	1	0	0	0	2	0	0	0	0	1	0	1	0	2	0	0	0	0	7							
IPI:IPI00165319	0	0	0	0	0	0	0	0	0	2	0	0	0	1	0	0	0	1	1	0	3	0	5	0	1	0	1							
IPI:IPI00217963	0	0	0	0	0	0	2	0	4	0	0	0	0	0	0	1	0	5	0	0	0	0	0	0	1	1	1							
IPI:IPI00454725	2	0	0	0	0	0	0	0	0	1	0	0	0	0	0	0	0	0	0	1	5	1	3	0	2	0	0							
IPI:IPI00385507	0	0	0	0	0	0	0	0	1	0	0	0	0	0	0	0	0	0	1	3	2	0	1	1	0	0	5							
IPI:IPI00009867	1	0	0	0	0	0	0	1	3	2	0	0	0	0	1	0	0	0	0	1	0	2	0	0	2	0	0							
IPI:IPI00152540	2	0	0	0	0	0	0	0	0	0	0	1	3	0	0	0	0	0	0	0	1	1	0	0	2	2	1							
IPI:IPI00219714	0	0	0	0	0	0	0	0	0	0	0	0	0	0	0	0	0	6	1	4	1	0	0	0	0	0	1							
IPI:IPI00299547	0	0	0	0	0	0	0	0	0	2	0	0	1	1	0	0	1	2	0	0	0	2	3	0	0	0	1							
IPI:IPI00216691	0	0	0	0	0	2	0	0	0	0	0	0	0	0	0	0	0	3	0	0	0	3	2	0	2	0	0							
IPI:IPI00022731	0	0	0	0	0	0	0	0	0	0	0	2	2	2	0	2	2	0	1	0	0	0	0	0	0	0	0							
IPI:IPI00030871	1	0	0	0	0	1	1	3	0	1	0	1	0	0	0	0	2	0	0	0	0	1	0	0	0	0	0							
IPI:IPI00220840	0	2	2	0	4	0	0	1	1	0	0	0	0	0	1	0	0	0	0	0	0	0	0	0	0	0	0							
IPI:IPI00291641	0	0	0	1	0	0	0	0	0	0	0	0	0	2	2	1	0	0	0	2	2	1	0	0	0	0	0							
IPI:IPI00382447	0	0	0	0	1	0	0	0	0	0	0	0	0	4	0	0	0	3	0	0	1	0	0	0	0	0	2							
IPI:IPI00011832	0	1	0	0	0	2	0	0	0	1	0	1	1	1	0	0	0	2	0	0	0	1	0	0	0	0	0							
IPI:IPI00017530	0	0	0	0	0	0	0	0	0	0	0	0	2	2	1	0	1	0	0	0	1	0	0	0	0	0	3							
IPI:IPI00103552	0	0	0	0	0	0	1	1	1	0	0	1	0	1	0	0	0	0	2	0	0	1	0	0	0	1	1							
IPI:IPI00297284	1	0	0	0	0	0	0	0	0	0	0	3	0	0	0	0	0	1	0	0	0	3	0	0	2	0	0							
IPI:IPI00299608	0	1	3	1	0	0	0	0	0	0	0	0	0	1	0	0	1	0	2	0	0	0	0	0	1	0	0							
IPI:IPI00299778	1	0	0	0	0	1	0	0	0	1	1	0	2	0	0	0	0	0	0	3	0	0	0	0	1	0	0							
IPI:IPI00480016	1	0	0	1	0	0	1	0	0	0	0	0	0	0	0	1	1	1	0	1	0	2	1	0	0	0	0							
IPI:IPI00007127	0	0	0	0	0	0	1	0	0	1	0	0	0	0	0	0	0	0	1	3	0	1	0	0	1	1	0							
IPI:IPI00383105	0	0	0	0	0	0	0	1	0	1	0	0	0	0	1	0	0	1	0	0	4	0	1	0	0	0	0							
IPI:IPI00383887	0	3	0	0	0	0	0	0	0	0	0	0	0	0	0	0	0	0	2	0	0	2	0	1	0	0	1							
IPI:IPI00012011	0	0	0	0	0	0	2	2	2	0	0	0	0	0	0	0	0	0	0	0	0	1	0	0	1	0	0							
IPI:IPI00012269	0	0	0	0	0	0	1	0	0	0	0	0	1	1	0	0	0	2	0	0	0	2	1	0	0	0	0							
IPI:IPI00026602	0	0	0	0	0	0	0	0	0	0	0	0	0	0	0	0	0	4	1	2	0	0	0	0	0	0	1							
IPI:IPI00032137	1	0	0	0	0	0	0	0	0	1	0	1	4	0	0	0	0	0	0	0	0	0	0	0	1	0	0							
IPI:IPI00290954	0	0	0	0	0	0	1	0	0	1	0	0	0	0	0	0	0	0	1	3	0	1	0	0	0	1	0							
IPI:IPI00296777	1	0	0	0	0	0	1	0	0	0	0	0	0	0	0	0	0	2	2	0	0	1	0	0	1	0	0							
IPI:IPI00298994	0	0	0	0	0	0	2	0	0	0	0	1	0	0	0	3	0	1	0	0	0	1	0	0	0	0	0							
IPI:IPI00435020	0	0	0	0	0	0	0	0	1	0	0	0	0	0	0	0	0	1	1	0	2	1	0	0	1	0	1							
IPI:IPI00472073	0	0	0	0	0	0	0	0	0	0	0	0	0	0	0	0	0	4	1	2	0	0	0	0	0	0	1							
IPI:IPI00472218	0	0	0	0	0	0	0	0	0	0	0	0	0	0	0	0	0	4	1	2	0	0	0	0	0	0	1							
IPI:IPI00472282	0	0	0	0	0	0	0	0	0	0	0	0	0	0	0	0	0	4	1	2	0	0	0	0	0	0	1							
IPI:IPI00472592	0	0	0	0	0	0	0	0	0	0	0	0	0	0	0	0	0	4	1	2	0	0	0	0	0	0	1							
IPI:IPI00472676	0	0	0	0	0	0	0	0	0	0	0	0	0	0	0	0	0	4	1	2	0	0	0	0	0	0	1							
IPI:IPI00472800	0	0	0	0	0	0	0	0	0	0	0	0	0	0	0	0	0	4	1	2	0	0	0	0	0	0	1							
IPI:IPI00472855	0	0	0	0	0	0	0	0	0	0	0	0	0	0	0	0	0	4	1	2	0	0	0	0	0	0	1							
IPI:IPI00472882	0	0	0	0	0	0	0	0	0	0	0	0	0	0	0	0	0	4	1	2	0	0	0	0	0	0	1							
IPI:IPI00473001	0	0	0	0	0	0	0	0	0	0	0	0	0	0	0	0	0	4	1	2	0	0	0	0	0	0	1							
IPI:IPI00552552	0	0	0	0	0	0	0	0	0	0	0	0	0	0	0	0	0	4	1	2	0	0	0	0	0	0	1							
IPI:IPI00604627	0	0	0	0	0	0	0	0	0	0	0	0	0	0	0	0	0	3	0	4	1	0	0	0	0	0	0							
IPI:IPI00604699	0	0	0	0	0	0	0	0	0	0	0	0	0	0	0	0	0	4	1	2	0	0	0	0	0	0	1							
IPI:IPI00604722	0	0	0	0	0	0	0	0	0	0	0	0	0	0	0	0	0	4	1	2	0	0	0	0	0	0	1							
IPI:IPI00604724	0	0	0	0	0	0	0	0	0	0	0	0	0	0	0	0	0	4	1	2	0	0	0	0	0	0	1							
IPI:IPI00016334	2	0	0	0	0	0	0	0	0	0	0	0	0	0	0	0	1	0	1	0	1	1	0	0	0	1	0							
IPI:IPI00021298	0	0	0	0	0	0	1	0	0	0	0	0	0	0	0	0	1	0	0	1	0	0	0	0	0	2	2							
IPI:IPI00023728	0	0	0	0	0	0	0	0	0	0	0	0	0	0	0	0	0	1	0	2	0	2	2	0	0	0	0							
IPI:IPI00024466	0	0	0	1	0	0	0	2	1	0	0	0	0	0	0	0	0	0	0	0	1	1	0	0	1	0	0							
IPI:IPI00032513	0	0	0	0	0	0	0	0	0	0	0	0	0	0	0	0	0	0	5	0	0	0	0	0	0	0	2							
IPI:IPI00291175	0	0	0	0	0	0	0	0	0	0	0	0	0	0	1	0	0	1	0	0	0	4	1	0	0	0	0							
IPI:IPI00329104	0	0	0	0	0	0	0	0	0	0	0	0	0	0	0	0	0	0	0	0	0	0	3	0	0	4	0							
IPI:IPI00007752	0	0	0	0	1	0	0	0	0	0	2	1	0	0	1	1	0	0	0	0	0	0	0	0	0	0	0							
IPI:IPI00011229	0	0	0	0	0	0	0	1	1	0	0	0	0	0	0	0	0	1	0	0	0	0	1	0	2	0	0							
IPI:IPI00011255	0	0	0	0	0	0	0	0	0	0	0	0	0	0	0	0	0	3	1	0	0	0	0	0	0	0	2							
IPI:IPI00011654	0	0	0	0	1	0	0	0	0	0	2	1	0	0	1	1	0	0	0	0	0	0	0	0	0	0	0							
IPI:IPI00013475	0	0	0	0	1	0	0	0	0	0	2	1	0	0	1	1	0	0	0	0	0	0	0	0	0	0	0							
IPI:IPI00013683	0	0	0	0	1	0	0	0	0	0	2	1	0	0	1	1	0	0	0	0	0	0	0	0	0	0	0							
IPI:IPI00014572	0	0	0	0	0	0	0	0	1	0	0	0	0	0	0	0	0	1	2	0	1	1	0	0	0	0	0							
IPI:IPI00017919	0	1	0	0	0	0	0	0	0	1	0	0	0	1	0	0	0	3	0	0	0	0	0	0	0	0	0							
IPI:IPI00027462	0	0	1	0	0	0	0	0	0	0	0	0	0	1	0	1	0	0	0	0	0	3	0	0	0	0	0							
IPI:IPI00044369	0	1	0	0	0	0	0	0	0	0	1	0	0	0	2	0	0	0	1	0	0	0	0	0	1	0	0							
IPI:IPI00179330	0	0	0	0	0	0	0	2	0	0	0	0	0	0	0	0	0	0	0	0	0	3	0	0	0	0	1							
IPI:IPI00219217	0	0	0	0	0	0	0	0	0	0	0	0	0	0	0	0	0	0	0	1	0	2	0	0	1	0	2							
IPI:IPI00290857	0	0	0	0	0	0	0	1	0	0	0	0	0	0	1	0	0	0	0	1	0	1	0	2	0	0	0							
IPI:IPI00299402	0	0	0	0	0	0	0	0	0	0	1	0	1	0	0	0	0	1	1	0	0	0	0	1	1	0	0							
IPI:IPI00302592	0	0	0	0	0	0	0	0	0	0	0	0	0	0	0	0	0	4	0	0	0	2	0	0	0	0	0							
IPI:IPI00333541	0	0	0	0	0	0	0	0	0	0	0	0	0	0	0	0	0	4	0	0	0	2	0	0	0	0	0							
IPI:IPI00333828	0	0	0	1	0	0	0	0	0	0	0	2	0	1	0	0	0	0	0	0	1	1	0	0	0	0	0							
IPI:IPI00382455	0	0	0	1	0	0	0	0	2	0	0	0	0	0	0	0	0	0	1	0	0	0	0	0	0	1	1							
IPI:IPI00398020	0	0	0	0	3	0	0	0	0	0	0	0	0	0	1	0	0	0	0	0	0	1	0	0	1	0	0							
IPI:IPI00445227	2	0	0	0	0	0	0	0	0	0	0	0	0	0	0	0	0	0	1	0	1	1	0	0	0	1	0							
IPI:IPI00005721	0	0	0	0	0	0	0	0	0	0	0	0	0	0	0	0	0	0	0	0	0	0	3	2	0	0	0							
IPI:IPI00024990	1	0	0	1	0	0	0	0	0	0	0	0	0	0	0	0	0	0	0	1	0	1	1	0	0	0	0							
IPI:IPI00026307	0	0	0	0	0	0	0	0	0	1	0	0	0	0	0	0	0	0	0	0	0	1	0	0	1	1	1							
IPI:IPI00027780	0	0	0	0	0	0	1	0	0	0	0	0	0	0	0	0	0	0	0	0	0	2	2	0	0	0	0							
IPI:IPI00178083	0	0	0	0	0	0	0	0	0	0	0	0	0	0	0	0	0	3	0	0	0	2	0	0	0	0	0							
IPI:IPI00182655	0	0	0	0	0	0	0	0	0	0	0	0	0	5	0	0	0	0	0	0	0	0	0	0	0	0	0							
IPI:IPI00373894	0	0	0	0	0	0	1	0	0	0	0	0	0	0	0	0	1	0	0	0	1	0	0	0	1	0	1							
IPI:IPI00382532	0	0	1	0	0	0	0	0	0	0	0	0	1	0	0	1	2	0	0	0	0	0	0	0	0	0	0							
IPI:IPI00382894	0	0	0	0	0	0	0	0	0	0	0	0	0	0	0	0	0	3	0	0	0	2	0	0	0	0	0							
IPI:IPI00397675	0	0	1	1	0	0	0	0	0	0	0	0	1	0	0	0	1	0	0	0	0	0	1	0	0	0	0							
IPI:IPI00400909	0	0	0	0	0	0	0	0	0	0	1	0	1	0	0	0	0	1	0	0	0	0	0	0	0	1	1							
IPI:IPI00477354	1	0	0	0	0	0	0	0	0	0	0	0	0	0	0	0	0	0	1	0	0	0	1	0	0	0	2							
IPI:IPI00007411	0	0	0	0	0	0	0	1	0	0	0	0	0	0	2	0	0	0	0	0	0	0	0	0	0	0	1							
IPI:IPI00008669	0	0	0	0	0	0	0	0	0	0	0	0	0	3	0	0	0	0	1	0	0	0	0	0	0	0	0							
IPI:IPI00010779	0	0	0	0	0	0	0	0	0	0	0	0	0	0	0	0	0	3	0	0	0	1	0	0	0	0	0							
IPI:IPI00144014	0	0	0	0	0	0	0	0	0	0	0	0	0	0	0	0	0	2	0	2	0	0	0	0	0	0	0							
IPI:IPI00180173	0	0	0	0	0	0	0	0	0	0	0	0	0	0	0	0	0	3	0	0	0	1	0	0	0	0	0							
IPI:IPI00216135	0	1	0	2	0	0	0	0	0	0	0	0	0	0	0	1	0	0	0	0	0	0	0	0	0	0	0							
IPI:IPI00216975	0	0	0	0	0	0	0	0	0	0	0	0	0	0	0	0	0	3	0	0	0	1	0	0	0	0	0							
IPI:IPI00296039	0	1	0	2	0	0	0	0	0	0	0	0	0	0	0	1	0	0	0	0	0	0	0	0	0	0	0							
IPI:IPI00300852	0	0	0	0	0	0	0	0	0	0	0	0	0	0	0	0	0	1	0	1	1	0	0	0	0	1	0							
IPI:IPI00376379	1	0	0	0	0	0	0	0	0	0	0	0	0	0	1	0	0	0	0	0	0	1	0	0	0	1	0							
IPI:IPI00382483	0	0	0	0	0	0	0	0	0	0	0	0	0	1	0	0	0	2	0	0	0	0	0	0	0	0	1							
IPI:IPI00384394	3	0	0	0	0	0	0	0	0	0	0	1	0	0	0	0	0	0	0	0	0	0	0	0	0	0	0							
IPI:IPI00465315	0	0	0	0	0	0	0	0	0	0	0	0	0	0	0	0	0	0	0	0	0	0	0	4	0	0	0							
IPI:IPI00465436	0	0	0	0	0	0	0	0	0	2	0	0	0	0	0	0	1	0	1	0	0	0	0	0	0	0	0							
IPI:IPI00470461	0	0	0	0	0	0	0	0	0	0	0	0	0	0	0	0	0	1	1	1	0	0	0	0	1	0	0							
IPI:IPI00472943	0	0	0	0	0	0	0	0	0	0	0	0	0	0	0	0	0	2	0	2	0	0	0	0	0	0	0							
IPI:IPI00473131	0	0	0	0	0	0	0	0	0	0	0	0	0	0	0	0	0	2	0	2	0	0	0	0	0	0	0							
IPI:IPI00552325	0	0	0	0	0	0	0	0	0	0	0	0	0	0	0	0	0	2	0	2	0	0	0	0	0	0	0							
IPI:IPI00604522	0	0	0	0	0	0	0	0	0	0	0	0	0	0	0	0	0	1	0	2	1	0	0	0	0	0	0							
IPI:IPI00005780	0	0	0	1	0	0	0	0	0	0	0	0	0	0	0	0	0	0	0	0	0	1	0	0	0	0	1							
IPI:IPI00007868	0	0	0	0	1	0	0	0	0	0	0	0	0	0	0	0	0	0	0	0	1	1	0	0	0	0	0							
IPI:IPI00008494	0	0	0	0	0	0	1	0	0	0	0	0	0	0	0	0	0	0	0	0	0	2	0	0	0	0	0							
IPI:IPI00022443	0	0	0	0	0	0	0	0	0	0	0	1	1	0	0	0	0	0	0	1	0	0	0	0	0	0	0							
IPI:IPI00024417	0	0	0	1	0	0	0	0	1	0	0	0	1	0	0	0	0	0	0	0	0	0	0	0	0	0	0							
IPI:IPI00026466	1	1	0	0	0	1	0	0	0	0	0	0	0	0	0	0	0	0	0	0	0	0	0	0	0	0	0							
IPI:IPI00032190	0	0	0	0	0	0	0	0	0	0	0	0	0	0	0	0	0	0	1	0	1	0	0	0	0	0	1							
IPI:IPI00040730	0	0	0	0	0	0	0	1	0	0	0	0	1	0	0	0	0	0	0	0	0	0	0	0	0	0	1							
IPI:IPI00082827	1	0	0	0	0	0	0	0	0	0	0	0	0	0	0	0	0	0	2	0	0	0	0	0	0	0	0							
IPI:IPI00165934	0	0	1	0	0	0	0	0	0	0	0	0	0	1	0	1	0	0	0	0	0	0	0	0	0	0	0							
IPI:IPI00216582	0	1	1	0	0	0	0	0	0	0	0	0	0	0	0	0	1	0	0	0	0	0	0	0	0	0	0							
IPI:IPI00217801	0	0	0	0	0	0	0	0	0	0	0	0	0	1	1	0	0	0	0	0	0	0	0	0	0	0	1							
IPI:IPI00218414	0	0	0	0	0	0	0	0	1	1	0	0	0	0	0	0	0	0	1	0	0	0	0	0	0	0	0							
IPI:IPI00219037	0	0	0	0	0	0	0	0	0	0	0	0	0	0	0	0	0	0	0	0	0	0	0	2	0	1	0							
IPI:IPI00259410	0	0	0	0	0	0	0	0	0	0	0	0	0	0	0	0	0	1	0	0	0	2	0	0	0	0	0							
IPI:IPI00290301	0	0	0	0	0	0	0	1	0	0	0	0	0	0	0	0	0	0	1	0	0	0	0	0	0	0	1							
IPI:IPI00292059	0	0	1	0	0	0	0	2	0	0	0	0	0	0	0	0	0	0	0	0	0	0	0	0	0	0	0							
IPI:IPI00297859	0	0	0	0	0	0	0	0	0	0	0	0	0	0	0	0	0	1	0	0	2	0	0	0	0	0	0							
IPI:IPI00299059	0	0	0	0	0	0	0	0	0	0	0	0	0	0	0	0	0	1	0	0	1	0	0	0	0	0	1							
IPI:IPI00479514	0	0	0	0	0	0	0	0	0	0	0	0	0	0	0	0	0	0	0	1	1	0	0	0	1	0	0							
IPI:IPI00480107	0	0	0	0	0	0	0	0	0	0	0	0	0	0	0	0	0	1	0	0	1	0	1	0	0	0	0							
IPI:IPI00513767	0	0	0	0	0	0	0	0	0	0	0	0	0	0	0	0	0	0	0	0	0	1	1	0	0	0	1							
IPI:IPI00550312	0	0	0	0	0	1	0	0	0	0	0	0	0	0	0	0	1	0	0	0	0	0	1	0	0	0	0							
IPI:IPI00552873	0	0	0	0	0	0	0	0	0	0	0	0	0	0	0	0	0	0	0	0	0	0	0	2	0	1	0							
IPI:IPI00555602	1	0	0	0	0	1	0	0	0	0	0	0	1	0	0	0	0	0	0	0	0	0	0	0	0	0	0							
IPI:IPI00002214	0	0	0	0	0	0	1	0	0	0	0	0	1	0	0	0	0	0	0	0	0	0	0	0	0	0	0							
IPI:IPI00002984	0	0	0	0	0	0	0	0	0	0	0	0	0	1	0	0	0	0	0	1	0	0	0	0	0	0	0							
IPI:IPI00003362	0	0	0	0	0	0	0	0	0	0	0	0	0	0	0	0	0	2	0	0	0	0	0	0	0	0	0							
IPI:IPI00003774	0	0	0	0	0	0	0	0	1	0	0	0	0	0	1	0	0	0	0	0	0	0	0	0	0	0	0							
IPI:IPI00007750	0	0	0	0	0	0	0	0	0	0	0	0	0	0	0	0	0	0	0	0	0	2	0	0	0	0	0							
IPI:IPI00008529	0	0	0	0	0	0	0	0	0	0	0	0	0	0	0	0	1	0	1	0	0	0	0	0	0	0	0							
IPI:IPI00018149	0	0	0	0	0	0	1	0	0	1	0	0	0	0	0	0	0	0	0	0	0	0	0	0	0	0	0							
IPI:IPI00019350	0	1	0	0	0	0	0	0	0	0	0	0	0	0	0	0	0	0	0	1	0	0	0	0	0	0	0							
IPI:IPI00021794	0	0	0	0	0	0	0	0	0	0	0	0	0	0	0	0	0	2	0	0	0	0	0	0	0	0	0							
IPI:IPI00022033	0	0	0	1	0	0	0	0	0	0	0	0	0	0	0	0	0	1	0	0	0	0	0	0	0	0	0							
IPI:IPI00023598	0	0	1	0	1	0	0	0	0	0	0	0	0	0	0	0	0	0	0	0	0	0	0	0	0	0	0							
IPI:IPI00024046	1	0	0	0	0	0	0	0	1	0	0	0	0	0	0	0	0	0	0	0	0	0	0	0	0	0	0							
IPI:IPI00025409	0	0	0	0	0	0	0	0	0	0	0	0	0	0	0	0	0	0	0	0	0	0	0	1	1	0	0							
IPI:IPI00027166	0	0	0	0	0	0	1	0	0	0	0	0	0	0	0	0	0	0	0	0	0	0	0	0	0	0	1							
IPI:IPI00034283	0	0	1	0	1	0	0	0	0	0	0	0	0	0	0	0	0	0	0	0	0	0	0	0	0	0	0							
IPI:IPI00160897	0	0	1	0	1	0	0	0	0	0	0	0	0	0	0	0	0	0	0	0	0	0	0	0	0	0	0							
IPI:IPI00176010	0	0	0	0	0	0	0	0	0	2	0	0	0	0	0	0	0	0	0	0	0	0	0	0	0	0	0							
IPI:IPI00179357	0	0	0	0	0	0	0	0	0	1	0	0	0	0	0	0	0	0	1	0	0	0	0	0	0	0	0							
IPI:IPI00180675	0	0	0	0	0	0	0	0	0	0	0	0	0	0	0	0	0	0	0	0	0	2	0	0	0	0	0							
IPI:IPI00217340	0	1	0	1	0	0	0	0	0	0	0	0	0	0	0	0	0	0	0	0	0	0	0	0	0	0	0							
IPI:IPI00218274	1	0	0	0	0	0	0	0	0	0	0	0	0	1	0	0	0	0	0	0	0	0	0	0	0	0	0							
IPI:IPI00218343	0	0	0	0	0	0	0	0	0	0	0	0	0	0	0	0	0	0	0	0	0	2	0	0	0	0	0							
IPI:IPI00218730	0	0	0	0	0	0	0	0	0	0	0	0	0	0	0	0	0	1	0	0	0	0	1	0	0	0	0							
IPI:IPI00218782	0	0	0	0	0	0	0	0	0	0	0	0	0	0	0	0	0	0	0	0	0	2	0	0	0	0	0							
IPI:IPI00218823	0	0	0	0	0	0	0	0	1	0	0	0	0	0	0	0	0	0	0	0	0	0	0	0	0	0	1							
IPI:IPI00292532	0	0	0	0	0	0	0	0	0	0	0	0	2	0	0	0	0	0	0	0	0	0	0	0	0	0	0							
IPI:IPI00292709	0	0	0	0	0	0	0	0	0	0	0	0	0	0	0	0	0	0	0	0	0	0	1	0	1	0	0							
IPI:IPI00333197	0	0	0	0	0	0	0	0	0	0	0	0	1	0	0	0	0	0	0	0	0	1	0	0	0	0	0							
IPI:IPI00382748	0	0	0	0	0	0	0	0	0	0	0	0	0	0	1	0	0	0	0	0	0	0	1	0	0	0	0							
IPI:IPI00387144	0	0	0	0	0	0	0	0	0	0	0	0	0	0	0	0	0	0	0	0	0	2	0	0	0	0	0							
IPI:IPI00394892	0	0	0	0	0	0	0	0	0	0	0	0	0	0	0	0	0	2	0	0	0	0	0	0	0	0	0							
IPI:IPI00397688	0	0	0	0	0	0	0	0	1	0	0	0	0	0	0	0	0	0	1	0	0	0	0	0	0	0	0							
IPI:IPI00413142	0	0	0	0	0	0	0	0	0	0	0	0	0	0	0	0	0	0	0	1	0	0	0	0	0	0	1							
IPI:IPI00413922	0	0	0	0	0	0	0	0	0	0	0	0	0	0	0	1	0	0	0	1	0	0	0	0	0	0	0							
IPI:IPI00414253	1	0	0	0	0	0	0	0	0	0	0	0	0	0	0	0	0	0	0	0	1	0	0	0	0	0	0							
IPI:IPI00418663	0	0	0	0	0	0	0	0	0	0	0	0	0	0	2	0	0	0	0	0	0	0	0	0	0	0	0							
IPI:IPI00419226	0	0	0	0	0	0	0	0	0	0	0	0	0	0	0	0	0	0	0	0	0	1	1	0	0	0	0							
IPI:IPI00455222	0	0	0	0	0	0	1	0	0	0	0	0	0	0	0	0	0	0	0	0	0	0	1	0	0	0	0							
IPI:IPI00465044	0	0	0	0	0	0	0	0	0	0	0	0	0	0	0	0	0	0	0	0	0	0	1	0	0	0	1							
IPI:IPI00465248	0	0	0	0	0	0	0	0	0	0	0	0	0	0	0	0	0	2	0	0	0	0	0	0	0	0	0							
IPI:IPI00472890	0	0	1	0	0	0	0	0	0	0	0	0	0	0	0	0	0	0	0	1	0	0	0	0	0	0	0							
IPI:IPI00477005	0	0	0	0	0	0	0	0	0	0	0	0	0	0	0	0	0	0	0	1	1	0	0	0	0	0	0							
IPI:IPI00477383	0	0	0	0	0	0	1	0	0	0	0	0	0	1	0	0	0	0	0	0	0	0	0	0	0	0	0							
IPI:IPI00549822	0	1	0	0	1	0	0	0	0	0	0	0	0	0	0	0	0	0	0	0	0	0	0	0	0	0	0							
IPI:IPI00552858	0	0	0	0	0	0	0	0	0	0	0	0	0	0	0	0	0	2	0	0	0	0	0	0	0	0	0							
IPI:IPI00554711	0	0	0	0	0	0	0	0	0	0	0	0	0	0	2	0	0	0	0	0	0	0	0	0	0	0	0							
IPI:IPI00001466	0	0	0	0	0	0	0	0	0	0	0	0	0	0	0	0	0	0	0	1	0	0	0	0	0	0	0							
IPI:IPI00007118	0	0	0	0	0	0	0	0	0	0	0	0	0	1	0	0	0	0	0	0	0	0	0	0	0	0	0							
IPI:IPI00010810	0	0	0	0	0	0	0	0	0	0	0	0	0	0	1	0	0	0	0	0	0	0	0	0	0	0	0							
IPI:IPI00011805	0	0	0	0	0	0	0	0	0	0	0	0	0	0	0	0	0	0	0	0	0	0	0	0	0	0	1							
IPI:IPI00013808	0	0	0	0	0	0	0	0	0	0	0	0	0	0	0	0	0	0	0	1	0	0	0	0	0	0	0							
IPI:IPI00015148	0	0	0	0	0	0	0	0	0	0	0	0	0	0	0	0	0	0	0	0	0	0	1	0	0	0	0							
IPI:IPI00021266	0	0	0	0	0	0	0	0	0	0	0	0	0	0	0	0	0	0	0	0	0	0	0	0	0	1	0							
IPI:IPI00024919	1	0	0	0	0	0	0	0	0	0	0	0	0	0	0	0	0	0	0	0	0	0	0	0	0	0	0							
IPI:IPI00025753	0	0	0	1	0	0	0	0	0	0	0	0	0	0	0	0	0	0	0	0	0	0	0	0	0	0	0							
IPI:IPI00027230	0	0	0	0	0	0	0	0	0	0	0	0	0	0	0	0	0	0	0	0	0	0	0	0	0	0	1							
IPI:IPI00027626	0	0	0	0	0	0	0	0	0	0	0	0	0	1	0	0	0	0	0	0	0	0	0	0	0	0	0							
IPI:IPI00028911	0	0	0	0	0	0	0	0	0	0	0	0	0	0	0	0	0	0	0	0	0	0	1	0	0	0	0							
IPI:IPI00031422	0	0	1	0	0	0	0	0	0	0	0	0	0	0	0	0	0	0	0	0	0	0	0	0	0	0	0							
IPI:IPI00031557	0	0	0	0	0	0	1	0	0	0	0	0	0	0	0	0	0	0	0	0	0	0	0	0	0	0	0							
IPI:IPI00032292	0	0	0	0	0	0	0	0	0	0	0	0	0	0	0	0	0	0	0	1	0	0	0	0	0	0	0							
IPI:IPI00040638	0	0	0	0	0	0	0	0	0	1	0	0	0	0	0	0	0	0	0	0	0	0	0	0	0	0	0							
IPI:IPI00219077	0	0	0	0	0	0	0	0	0	0	0	0	0	0	0	0	1	0	0	0	0	0	0	0	0	0	0							
IPI:IPI00220301	0	0	0	0	0	0	0	0	0	0	0	0	0	0	0	0	0	0	1	0	0	0	0	0	0	0	0							
IPI:IPI00256684	0	1	0	0	0	0	0	0	0	0	0	0	0	0	0	0	0	0	0	0	0	0	0	0	0	0	0							
IPI:IPI00257882	0	0	0	0	0	0	0	0	0	0	0	0	0	0	0	0	0	0	1	0	0	0	0	0	0	0	0							
IPI:IPI00295165	0	0	0	0	0	0	0	0	0	0	0	0	0	0	0	0	0	0	1	0	0	0	0	0	0	0	0							
IPI:IPI00297593	0	0	0	0	0	0	0	0	0	0	0	0	0	0	0	0	0	0	0	0	0	1	0	0	0	0	0							
IPI:IPI00298860	0	0	0	0	0	0	0	0	0	0	0	0	0	0	0	0	0	0	0	0	0	0	0	0	0	0	1							
IPI:IPI00299155	0	0	0	0	0	0	0	0	0	0	0	0	0	0	0	0	0	0	0	0	0	1	0	0	0	0	0							
IPI:IPI00305978	0	0	0	0	0	0	0	0	0	0	0	0	0	1	0	0	0	0	0	0	0	0	0	0	0	0	0							
IPI:IPI00335168	0	0	0	0	0	0	0	0	0	0	1	0	0	0	0	0	0	0	0	0	0	0	0	0	0	0	0							
IPI:IPI00374301	0	0	0	0	0	0	0	0	1	0	0	0	0	0	0	0	0	0	0	0	0	0	0	0	0	0	0							
IPI:IPI00382539	0	0	0	0	0	0	0	0	0	0	0	0	0	0	0	0	1	0	0	0	0	0	0	0	0	0	0							
IPI:IPI00384792	0	0	0	0	0	0	0	0	0	0	0	0	0	0	0	0	0	0	0	0	0	1	0	0	0	0	0							
IPI:IPI00387168	0	0	1	0	0	0	0	0	0	0	0	0	0	0	0	0	0	0	0	0	0	0	0	0	0	0	0							
IPI:IPI00396378	0	0	0	0	0	0	0	0	0	0	0	0	0	0	0	0	0	0	0	0	0	0	0	0	1	0	0							
IPI:IPI00397808	0	0	0	0	0	0	0	0	0	0	0	0	0	0	0	0	0	0	0	0	0	1	0	0	0	0	0							
IPI:IPI00400986	0	0	0	0	0	0	0	0	0	0	0	0	0	0	0	0	0	1	0	0	0	0	0	0	0	0	0							
IPI:IPI00446270	0	0	0	0	0	0	0	0	0	0	0	0	0	0	1	0	0	0	0	0	0	0	0	0	0	0	0							
IPI:IPI00451401	0	0	0	0	0	0	0	0	0	0	0	0	0	0	0	0	0	0	0	0	0	1	0	0	0	0	0							
IPI:IPI00455248	0	0	0	0	0	0	0	0	0	0	0	0	0	0	0	0	0	0	0	0	0	0	1	0	0	0	0							
IPI:IPI00455296	0	0	0	0	0	0	0	0	0	0	0	0	0	1	0	0	0	0	0	0	0	0	0	0	0	0	0							
IPI:IPI00455463	0	0	0	0	0	0	0	0	0	0	0	0	0	0	0	0	0	0	0	0	0	0	0	0	0	0	1							
IPI:IPI00456889	0	0	0	0	0	0	0	0	0	1	0	0	0	0	0	0	0	0	0	0	0	0	0	0	0	0	0							
IPI:IPI00457026	0	0	0	0	0	0	0	0	1	0	0	0	0	0	0	0	0	0	0	0	0	0	0	0	0	0	0							
IPI:IPI00457313	0	0	1	0	0	0	0	0	0	0	0	0	0	0	0	0	0	0	0	0	0	0	0	0	0	0	0							
IPI:IPI00465028	0	0	0	0	0	0	0	0	0	0	0	0	0	0	0	0	0	0	0	0	0	1	0	0	0	0	0							
IPI:IPI00465135	0	0	0	0	0	0	0	0	0	1	0	0	0	0	0	0	0	0	0	0	0	0	0	0	0	0	0							
IPI:IPI00477039	0	0	0	0	0	0	0	0	0	0	0	0	0	0	0	0	0	0	0	0	0	0	0	0	1	0	0							
IPI:IPI00478023	0	0	1	0	0	0	0	0	0	0	0	0	0	0	0	0	0	0	0	0	0	0	0	0	0	0	0							
IPI:IPI00478287	0	0	0	0	0	0	0	0	0	0	0	0	0	0	0	0	1	0	0	0	0	0	0	0	0	0	0							
IPI:IPI00479669	0	0	0	0	0	0	0	0	0	0	0	0	0	0	1	0	0	0	0	0	0	0	0	0	0	0	0							
